1001
144501
2118
11082
94234
6493
9076
57214
25902
84962
7472
2906
9603
57761
27132
1300
1469
1301
3624
100170841
28231
6712
9319
4316
7804
3651
147111
5653
8507
5013
57167
23109
64063
120071
4188
25984
4488
57460
57670
84069
84733
8140
9569
10669
2523
23650
64220
84141
79000
64794
79935
23594
4320
114822
7004
79628
26031
93273
10529
353324
54443
7045
79989
55355
55248
2571
80758
6533
345643
3352
54517
84172
5650
145741
115908
24147
23560
57181
25975
6947
9075
1736
8862
7516
8767
51330
81792
10849
57332
10309
57510
23541
994
54972
221150
56938
595
56652
29968
83959
768
57822
22974
6641
283212
55922
4233
9816
84264
84951
389549
55257
11065
220082
11072
84306
10024
128239
5655
8607
6820
1434
430
6273
5983
54498
5471
176
1470
9518
79075
375061
4314
2172
1017
705
23160
4487
7023
8038
2617
60436
908
138065
27121
80328
124930
865
7038
3589
