7360
55198
51228
7123
23035
200931
6584
27250
206358
9099
54805
9429
3570
5593
9588
85457
2517
1465
760
766
1030
10924
5333
8611
840
284346
65983
84281
23052
26504
137075
957
8647
9340
4601
2651
57458
23382
123264
220972
286133
5742
51
79947
1610
4225
26112
7008
166968
133121
58476
10894
23171
51196
5166
7358
79085
NA
6446
10370
23140
6689
25840
23384
6799
11099
55227
6898
2980
11252
171586
79762
54751
5837
80031
140803
3032
10446
23492
10590
6574
11261
6258
7148
4359
8556
10444
9516
55532
25994
1836
2767
651
9314
9881
4306
79154
338094
6786
2277
