158511
1081
4105
1472
NA
1300
81569
3381
1469
5081
4312
23581
4320
10814
429
4322
1301
10481
3975
57626
3195
51764
147381
4821
83546
1048
30012
169026
170712
3760
55584
5816
57586
25769
51617
1404
360205
2792
4661
7425
5004
8329
389421
128602
6493
10761
1470
6286
768
79727
7490
8356
8989
547
2637
8348
2626
8342
6756
3642
84634
2302
1943
9355
1360
2172
135886
NA
53940
8357
2706
10232
64579
140628
3651
8331
4751
1463
658
2556
59067
2290
8941
11065
55879
7200
6356
138009
5122
3228
132625
7137
1113
5005
9088
820
8354
79570
59336
6861
1412
26047
642938
6532
79412
30010
165545
7306
8367
24137
284339
5307
4605
83661
131578
9074
3009
29949
8343
56896
83540
57126
6373
114788
140683
6354
128239
