4653
3952
10249
338
5346
762
2819
5105
130399
9370
729359
27129
286133
286753
30819
2273
80704
10894
2998
1149
3043
150572
116085
5950
400830
2277
2167
8736
4023
56301
92293
152831
6517
26577
7079
148
3991
477
2038
126393
3040
91851
57678
3973
10345
5959
79981
948
7148
253935
3039
225
5021
50486
1543
153579
8639
7123
8436
10351
1393
5502
401265
5179
5140
54988
64344
5648
761
1440
2878
221476
10580
32
3679
1036
5166
NA
6329
10216
5207
340273
51085
25891
338328
6288
4826
51378
1446
149461
10316
64102
338442
1805
2354
2920
5348
845
857
28999
22915
126
5837
5468
2893
9194
91584
