84879
5104
4168
2018
3218
9075
57565
65009
7484
91608
55118
1588
57105
312
9429
85315
8972
55841
84623
342667
5321
1111
167
57406
359
9741
2947
84141
63976
9058
6616
353189
5076
3216
1191
219699
3219
222537
4023
2775
6406
3772
51704
169792
5166
7871
3784
27090
80320
23221
5634
57476
8437
6578
3773
5129
114088
8416
3217
23632
7849
25833
10886
7049
26136
192666
5743
27115
9751
1947
4199
2781
5742
6590
1073
51435
5455
23237
10484
84529
1811
480
59339
7168
55885
3232
284
1844
857
114
9215
196527
10979
3663
25943
3310
57447
122786
3215
4638
8395
53905
11074
154796
11283
8809
5355
401474
2628
102724493
54852
800
23022
858
6822
51765
5099
84056
338442
81611
7021
6840
162494
2625
80036
7414
NA
1571
10046
167691
2819
3787
55715
27303
149461
143662
23500
114897
84101
6331
5063
9783
2122
6769
4254
6764
3758
1636
5507
64102
