159296
3249
3223
57622
7546
6493
9480
85416
6573
26084
388228
29799
65108
4010
55521
2146
6585
65010
81831
23225
92815
10645
57332
51280
4145
53834
1746
54972
1280
84443
57524
50512
79957
2657
10715
6712
4605
338707
124093
3221
2297
5075
140700
145258
170850
268
213
6204
4830
51512
349667
149175
1875
991
1745
94241
80178
7033
92170
79603
6218
55355
776
2161
6241
339451
114804
2648
23246
57804
7291
8341
5909
54456
4440
121643
128312
6491
7015
64641
6139
286262
26472
94032
84915
84899
50507
332
51678
23657
995
10861
10382
56165
192134
55789
10024
10611
2151
51764
