84879
5104
23305
4168
231
114780
2018
3218
9075
6691
57565
65009
196047
7484
91608
399967
55118
56606
1588
NA
57105
NA
283953
55107
312
5304
NA
760
84856
3762
153218
9429
8972
85315
375616
83876
NA
55841
84623
399968
387700
9536
NA
84239
342667
1111
5321
5409
57406
167
9741
359
2947
257019
101928303
84141
5047
2525
84985
51301
63976
9058
6616
5076
3216
353189
6407
NA
1191
22841
7364
NA
4023
3219
219699
222537
2775
5288
6406
51090
3772
57864
54947
23475
101929880
NA
51704
134285
50486
169792
5166
27090
152742
7871
55701
3784
NA
NA
64078
23221
