284656
159296
3249
51151
100128675
101928099
23600
3223
7546
NA
57622
80164
NA
NA
6493
101060264
10669
9480
NA
85416
6573
285463
101927324
26084
100128881
388228
5831
7349
101928720
65108
29799
4010
54848
NA
644844
55521
102724163
2146
100996425
6585
255101
54795
NA
NA
NA
643988
10815
65010
NA
100750225
NA
NA
NA
81831
27293
64714
8420
92815
100128788
1767
NA
50652
100873969
NA
7363
23225
80004
1470
56547
10645
119682
1746
NA
57332
115399
257407
4145
100506930
51280
NA
NA
NA
1280
64284
NA
154860
100874374
53834
100379220
NA
54972
126567
NA
84443
341
NA
79957
57524
50512
51761
