85416
1280
1670
5075
3228
7546
11023
192134
4821
2638
474
6572
4825
1482
54363
2297
9480
1369
1746
3229
5457
3166
84654
170850
10382
1745
56165
3651
3223
6927
343472
121643
29974
387775
5726
5535
347853
6658
7547
2657
10715
11199
4145
27023
3249
43849
2078
3026
10660
4605
114804
6323
79957
10417
30010
1993
54456
1300
25769
64641
6664
1769
776
3008
7291
3381
63973
26716
5013
81831
8715
10683
63946
6751
2161
3196
50507
26289
1559
338707
59336
1961
54738
1644
8484
59335
60529
3747
8403
3568
10178
254552
55789
389421
7137
167826
51334
4661
146664
2626
114571
128312
220202
8336
94032
8332
201780
161497
57524
1951
5026
115908
152831
1081
57468
1103
8739
130733
