359
167
5455
6822
9058
84879
312
3773
4168
1046
222537
353189
1811
7484
342667
55118
11283
57565
5076
7021
29986
3219
1014
91608
65009
3772
7849
27133
394263
8437
3350
5743
5166
84623
64100
4741
9429
23237
3758
6098
3787
480
143662
23632
90019
4978
149461
85315
56287
10584
2877
50487
6571
5742
4624
56245
492
147409
2775
50617
3769
2819
6769
1844
3739
22865
341359
139378
5697
2528
2947
2348
80036
3850
60506
8785
8843
5137
114088
3547
219699
2625
362
6121
55885
827
1580
92304
1178
53905
763
2299
347731
8600
169792
57402
NA
2047
143379
127534
80320
284
84502
201516
54207
5268
338442
4638
3950
51440
94234
6000
2173
3760
NA
6750
1571
84631
65997
342035
10021
114798
54511
1969
84290
25975
6698
92211
56603
778
24
7447
25928
9068
3784
7476
57476
NA
5099
2196
124590
56649
51704
2251
55273
2001
26353
1288
348938
54852
11096
5453
10882
9751
762
114800
27090
5063
221476
66000
3239
162494
6331
1846
6518
4585
5129
1271
8395
10891
5239
51435
6578
401474
120114
93107
8140
57144
84189
80031
4118
6910
160728
