4105
3651
170712
5308
5267
5081
3228
57016
83998
158511
9032
9965
796
3229
339
7429
3227
221833
27283
10683
3175
54575
1591
6690
79054
4103
1373
10642
79574
1917
6750
26579
1301
11199
676
5653
51207
26280
27290
2556
54866
5454
3359
2877
56667
190
3239
9074
81569
51702
3209
192134
8091
NA
5122
3975
29943
85416
8581
4113
4320
286499
64600
6699
547
26154
6756
6493
8403
64211
7546
26762
5121
1015
5794
25769
3706
51806
63946
220082
10804
63950
84107
1045
56934
9480
653067
653220
10761
59336
2566
29113
43849
11023
1369
55584
140683
10814
1103
429
56896
93659
1308
3195
1646
140453
6318
1852
7104
2706
9427
10381
27023
NA
5671
30010
6664
5268
27164
9118
23546
7545
3238
3110
9547
3785
2638
79935
4745
5672
55247
1412
84570
83729
5865
11247
8170
92312
1016
5669
7547
90226
114798
257
9071
145741
6707
9244
3207
10643
6564
4321
347733
11281
727897
140686
147409
53836
9515
126206
84951
27189
25830
8001
84666
NA
340547
50805
2128
8538
2118
85445
9699
6927
1109
NA
64093
4605
115908
2571
26575
27022
394263
6538
1690
6913
7020
203447
5100
11061
5831
24
90161
163589
4624
4604
25837
29974
1138
7980
57524
132204
84063
55789
201299
171177
128239
9177
5675
10083
6755
116372
375323
140469
1993
3174
797
222546
55753
80178
4884
6513
3149
148113
56884
29968
474
30062
27091
7345
3850
27201
27076
1482
9066
9248
5678
56159
1951
6273
4613
5365
256714
339983
2256
2305
151176
167826
6710
90316
129684
221914
4608
8941
55879
25803
2707
114824
51802
1645
3783
9615
81796
