4105
3651
170712
5308
5267
5081
3228
57016
83998
158511
9032
9965
796
3229
339
7429
3227
221833
27283
10683
3175
54575
1591
6690
79054
4103
1373
10642
79574
1917
6750
26579
1301
11199
676
5653
51207
26280
27290
2556
54866
5454
3359
2877
56667
190
3239
9074
81569
51702
3209
192134
8091
NA
5122
3975
29943
85416
8581
4113
4320
286499
64600
6699
547
26154
6756
6493
8403
64211
7546
26762
5121
1015
5794
25769
3706
51806
63946
220082
10804
63950
84107
1045
56934
9480
653067
653220
10761
59336
2566
29113
43849
11023
1369
55584
140683
10814
1103
