4112
53940
4105
3239
50805
4103
4113
347741
10804
54575
64211
1670
6278
3227
5308
1830
163778
57016
51806
3209
337882
158511
11023
9248
204219
3195
6699
3228
59336
81569
51702
5275
3963
8581
2556
339967
676
2019
6318
89777
3166
2566
5080
56300
64600
10642
27164
8091
6707
5268
1745
1482
221833
29113
4654
793
6700
3238
5653
6273
2877
1852
55117
6698
5672
80070
63950
6493
2569
55879
3651
84290
1746
3207
147409
5077
2706
9118
6701
2020
53836
11247
28234
129684
547
26154
1308
1825
9515
79412
27022
9635
2196
85416
7545
90226
27076
10761
1045
1294
7546
9333
84107
1592
137868
8626
84666
7348
6513
257
4320
2709
3850
7547
165545
2543
645073
729396
729408
729422
729431
729442
100008586
100132399
10599
1301
131
4321
26047
26280
1646
343641
6474
26285
9699
84951
56936
338879
2201
80740
26579
7020
220082
9048
1016
5865
6664
9313
5455
4880
128817
2700
25830
284111
145501
1917
2707
56884
4101
266740
1828
1056
1103
9615
10643
25769
286499
11166
4821
27121
5454
152404
1412
6538
339
8092
3196
169044
5803
11199
1591
83729
30062
29986
57549
6665
121549
11281
8710
1010
6564
222
2928
