4112
53940
4105
3239
50805
4103
4113
347741
10804
54575
64211
1670
6278
3227
5308
1830
163778
57016
51806
3209
337882
158511
11023
9248
204219
3195
6699
3228
59336
81569
51702
5275
3963
8581
2556
339967
676
2019
6318
89777
3166
2566
5080
56300
64600
10642
27164
8091
6707
5268
1745
1482
221833
29113
4654
793
6700
3238
5653
6273
2877
1852
55117
6698
5672
80070
63950
6493
2569
55879
3651
84290
1746
3207
147409
5077
2706
9118
6701
2020
53836
11247
28234
129684
547
26154
1308
1825
9515
79412
27022
9635
2196
85416
7545
90226
27076
