4102
5653
4105
147111
85416
4111
389549
5650
1469
6493
2001
1300
8403
29113
9119
27121
25984
6947
220082
4316
6698
93273
6699
144501
390874
1472
1301
3381
28234
3026
127343
4110
7080
2020
9965
51208
94234
1470
26281
7546
5473
1001
1056
158511
3854
256297
2637
336
11082
63973
5013
221833
27132
5053
7477
2571
64220
768
387129
3853
131405
4282
51442
6101
3481
11247
4588
3624
197
4322
2244
7472
115019
362
265
2266
9075
63950
8838
4025
6374
2118
7137
10164
57214
5655
1830
10599
8346
NA
6707
9271
129025
80341
3872
3227
8368
8581
79935
7490
57167
3868
2906
10537
4070
NA
9076
4488
4314
3358
90226
2248
284904
3651
2626
23109
