341116
759
2981
10022
347741
55532
337959
1610
3284
9073
766
192666
4225
57126
340024
22802
2980
8647
651
246213
5354
762
79785
10590
9429
4884
286133
760
58157
477
6555
9211
1103
1811
6332
1113
6689
5126
8671
145270
84699
256691
150572
8929
248
6340
221476
140458
10351
4629
845
2277
4499
81551
140803
9378
6338
23336
1836
123264
72
2823
1264
9099
6422
10894
202559
9758
63904
7367
590
7123
270
28513
5593
200931
11155
5456
6258
29951
51617
6898
9421
7148
1271
2641
9340
9971
116511
54738
6799
5837
