4110
51438
10481
1750
5308
135935
100131390
6707
1482
4654
6493
2569
3651
140690
7545
1045
343930
390874
7547
1943
644524
7020
4821
5454
3196
2928
1058
8456
2250
2305
149708
2249
10736
8022
8438
144453
29089
3225
84654
2118
5076
1141
8784
93659
91464
134111
10716
1870
3159
2147
3848
326
170825
119
140883
3205
474382
2731
3174
7161
8718
195828
23105
131076
672
6662
1869
2636
2041
10215
387332
55726
54845
4174
10626
147166
55655
51176
1956
55897
55615
525
5555
4831
4602
10196
4854
6929
84792
2023
54101
