4102
5653
4105
85416
4111
389549
5650
1469
8403
29113
27121
220082
4316
6698
93273
6699
1472
1301
3381
28234
3026
127343
7080
51208
94234
1470
26281
7546
1001
1056
158511
11082
5013
221833
27132
5053
7477
2571
64220
4282
6101
11247
4588
3624
115019
362
9075
63950
8838
4025
2118
7137
10164
57214
5655
1830
10599
NA
6707
3227
8581
79935
7490
10537
4070
NA
9076
4488
90226
2248
284904
3651
2626
23109
3228
30010
3589
50617
8852
10265
83894
55867
2709
6407
120071
51702
10642
7138
50487
80328
3352
23305
4320
1852
2348
5225
58524
6278
145741
8038
93659
10381
7299
10643
79012
3229
127534
5055
1825
6273
54905
284099
6370
26154
4113
83959
64063
59336
338376
26257
2297
140832
283212
10202
796
144453
64211
