341116
759
2981
10022
347741
55532
337959
1610
3284
9073
766
4225
340024
22802
2980
651
246213
5354
762
79785
10590
9429
4884
286133
760
58157
477
9211
1103
1811
6332
1113
5126
8671
145270
256691
150572
248
221476
10351
845
2277
4499
81551
140803
9378
23336
1836
72
2823
1264
9099
6422
202559
9758
63904
7367
590
7123
270
28513
11155
5456
29951
51617
6898
7148
1271
9340
9971
116511
54738
6799
5837
NA
6445
55273
64066
290
1008
2651
10446
139760
84812
5596
3512
6425
54575
1674
22953
5375
114786
4969
6327
4674
9068
171024
353189
29119
84281
26353
4593
4852
22865
1258
1268
114815
4741
23671
11075
5030
133121
340419
7432
5630
27328
83259
5662
2899
1129
63951
348093
25802
