10876
6406
64184
6407
359
5047
399968
283953
644414
167
160065
NA
9075
5455
404552
6691
389207
5304
2018
5104
6822
101927693
102682016
9058
3975
NA
3218
NA
NA
NA
84879
196047
100169851
114780
6492
3933
7364
NA
312
221223
153218
401040
10816
399967
NA
3773
NA
NA
102723471
4168
NA
NA
140881
58503
84985
NA
192666
NA
404266
1046
4588
101926928
222537
23305
259240
NA
NA
NA
353189
114
1811
8972
5409
NA
10886
NA
101929071
1588
NA
5644
7484
84239
NA
NA
760
64078
152742
342667
5288
390445
10879
NA
51702
55118
3216
257202
11283
57565
NA
642636
84856
2525
NA
5076
NA
NA
57864
340204
NA
7021
231
101927884
NA
NA
29986
NA
89869
101928303
