101929520
389396
NA
NA
NA
101927324
336
100873969
NA
91074
8513
51151
85416
1280
170712
51438
NA
102723502
102724631
339010
NA
1670
NA
NA
NA
5075
NA
3228
7546
NA
7363
NA
NA
391475
4105
NA
345
NA
159296
NA
100996425
6690
11023
NA
192134
1671
NA
340120
442425
NA
NA
4821
NA
NA
100379220
81832
100419743
28234
NA
NA
64714
NA
NA
NA
NA
NA
285577
2638
474
1470
119682
NA
644844
9947
NA
NA
NA
101927125
154860
90249
10050
55079
NA
NA
2515
149563
340113
440225
NA
NA
NA
213
6572
NA
147741
325
NA
NA
388394
4825
NA
400765
51761
23600
9808
NA
4102
50652
2290
101669767
101927843
NA
1482
3375
NA
NA
NA
NA
102723165
54659
119692
