192666
57126
8647
6555
6689
84699
8929
6340
140458
4629
6338
123264
10894
5593
200931
6258
9421
2641
9971
9464
64388
6865
553
401
1991
6663
185
4118
9723
2775
1908
7704
1030
1511
608
60495
10398
10382
4081
57595
3977
27022
3857
147183
846
5179
10586
51412
91851
342574
51676
84539
1907
4684
93649
6876
2875
2139
140456
2168
159296
6014
64506
5105
54474
3570
9436
57379
4747
56896
6446
4359
9542
6517
4306
63876
29106
148
3043
79148
653
1114
2162
2788
4760
3952
6387
3131
5649
25840
9314
387332
283807
1073
