147111
6493
2001
1300
9119
25984
6947
144501
390874
4110
7080
2020
9965
94234
7546
5473
3854
256297
2637
336
63973
768
387129
3853
131405
51442
3481
197
4322
2244
7472
265
2266
6374
2118
8346
9271
129025
80341
3872
8368
7490
57167
3868
2906
4488
4314
3358
3651
2626
6656
286887
3018
140809
1761
4317
4312
8364
3713
3881
3882
5081
8354
2172
2243
100131390
23650
5644
8366
3009
268
174
7038
3889
6910
3886
6696
5004
3008
8688
2297
345643
85235
3195
317772
55079
3576
30012
430
3048
4973
57761
2290
1750
84141
213
6496
79727
2520
3053
8335
3484
23601
4435
56923
1361
3975
4831
389058
6495
8614
8687
84733
5582
83844
8356
1673
2904
5077
1437
221687
8074
2147
7020
389421
3814
8360
64106
2069
4487
84667
6827
57057
2792
3855
7054
79711
7045
655
121391
22943
1758
199675
5083
3885
3851
51085
3552
84634
6406
84654
8331
8061
