220213
2034
5175
8676
158376
1901
94
28984
2013
56920
7010
219790
11099
10268
445815
116835
11170
10266
80014
9079
54538
1910
1003
57716
55679
58494
10044
116159
256949
9398
9806
2294
10203
8547
152273
6886
155038
100820829
219348
4091
2869
9754
8436
6532
51378
5581
2615
25959
641700
80177
2273
22899
161198
140706
2327
90627
51267
7123
79812
400831
2078
83878
26084
64651
2167
55901
857
154
4858
64236
177
847
10894
3340
4005
6445
160622
83595
2996
55273
64116
9638
10908
6711
23328
22918
23673
7433
51705
57515
395
8639
54922
59350
57513
7145
338596
64321
141
284119
