84985
5831
2118
80178
7153
128239
10331
89958
24137
29089
92312
1382
79924
56649
4751
55355
9928
26154
29128
995
202915
1300
259266
51280
54443
9787
5794
4320
991
115908
1063
54821
11065
83540
11004
990
701
10112
26585
9833
7516
9156
79733
146909
10615
1591
1301
55083
10024
55789
5347
22974
23594
55635
84904
332
84069
5308
5832
440590
NA
55165
9837
55143
23120
6491
8437
6676
55366
2146
54866
9401
26579
55388
221150
284656
6696
84978
23624
83461
2524
6241
891
2706
28983
1469
1945
6712
51512
1058
150468
3149
94081
9133
10381
80775
55612
6732
10606
57549
9245
151648
84706
9212
55247
8318
3832
7272
29968
1917
2305
6804
1951
4288
10721
5471
8438
10403
1944
4605
11130
3706
79054
3161
116028
23532
90161
64151
55040
23397
3359
6513
26575
2267
83990
1104
26472
4192
9088
5013
3110
80179
132299
9700
3175
157313
113130
25837
54933
890
