200931
3570
5593
85457
1030
8647
123264
51
7008
10894
6446
10370
6689
25840
23492
6258
4359
25994
2767
9314
4306
159296
2494
283807
634
10398
1376
5873
57126
1073
1374
4118
6517
1991
8987
6609
8800
84699
2788
51676
3977
3291
4629
60495
2775
5028
3131
8031
65018
57595
7098
6387
4684
54492
6338
6865
64388
1908
2295
6041
10194
63876
2150
9867
23327
91748
1902
9464
54331
6876
6943
3162
4084
54474
2034
10382
5236
650
5734
83439
57556
10586
1907
2185
93649
408
8850
2875
7113
1962
114907
8110
55640
133522
115557
55840
7421
7263
5567
1520
94
608
26
34
5362
687
6256
79148
11320
55970
5579
8404
4692
10018
57688
219972
10628
6663
553
5105
6340
857
51280
2316
7704
4094
9971
7068
2549
4502
9542
401
64506
8929
4756
1191
26040
4081
3662
185
56963
2162
9540
7041
286530
5467
2139
154
1511
7414
