144501
2118
94234
6493
84962
7472
2906
57761
1300
9319
3651
147111
57167
25984
4488
84733
9569
23650
84141
64794
23594
7004
54443
7045
55355
345643
54517
84172
23560
6947
1736
7516
8767
51330
10849
57332
994
54972
56938
595
768
22974
55257
11065
84306
10024
8607
430
5983
176
4314
2172
1017
705
23160
4487
7023
60436
908
865
7038
2146
10171
79801
8614
23250
6662
3854
51085
3195
84259
4609
55388
54892
3872
4312
55131
146909
146956
6659
2648
23223
9533
10112
7473
101929777
2904
699
4830
54881
84916
150726
57696
1594
5021
55165
11004
8535
84128
9493
