389421
30848
4113
138009
5225
10814
6756
131405
7015
4105
5968
1280
170627
4111
5967
1007
27283
51270
354
84700
124872
4102
10642
1469
2740
84694
3209
9496
85416
7546
85445
54474
81569
10886
389860
10736
4224
190
8788
4622
165545
64208
89780
2556
221833
174
2786
2719
1496
3225
124925
3817
6755
389692
51305
7380
248
158511
3206
1750
5307
11247
22943
4112
4110
84929
10481
3381
135892
2128
3233
2566
56163
140683
64641
56667
1586
3207
340273
57094
1113
127343
1852
4544
92737
9376
2520
1588
9568
56301
79574
51702
2555
9543
143662
6495
10643
3223
1728
3219
1358
2571
1749
2792
218
3110
115749
83546
6758
5522
1950
3934
117154
54575
3859
54937
5644
64714
6457
55879
63827
8091
3235
375323
23089
4605
25830
4922
NA
114824
116085
51207
3232
220134
125931
3236
5013
2543
645073
729396
729408
729422
729431
729442
100008586
100132399
258
3481
6370
1144
6695
149954
4062
2657
10715
644168
23105
995
1010
169044
9427
23657
5080
1690
6696
6518
26256
1745
991
257
50700
579
2813
55867
10517
100996906
83540
4504
88
10024
11082
116039
55247
10214
25975
112609
11065
1058
8092
3226
332
343
2984
27121
55117
4321
3224
260436
1734
26762
146909
56159
4148
7681
