389421
30848
4113
138009
5225
10814
6756
131405
7015
4105
5968
1280
170627
4111
5967
1007
27283
51270
354
84700
124872
4102
10642
1469
2740
84694
3209
9496
85416
7546
85445
54474
81569
10886
389860
10736
4224
190
8788
4622
165545
64208
89780
2556
221833
174
2786
2719
1496
3225
124925
3817
6755
389692
51305
7380
248
158511
3206
1750
5307
11247
22943
4112
4110
84929
10481
3381
135892
2128
3233
2566
56163
140683
64641
56667
1586
3207
340273
57094
1113
127343
1852
4544
92737
9376
2520
1588
9568
56301
79574
51702
2555
9543
143662
6495
10643
3223
1728
3219
