6405
26
90293
2288
3980
51087
3883
54972
1750
10926
9569
4843
5080
1870
3720
7021
83741
5081
9918
5645
5646
102725325
8193
54443
672
4057
5704
10460
23649
637
3670
6591
6617
11171
55635
56938
3381
55166
57554
55236
321
54888
3224
999
54908
55341
3371
7038
54165
7546
51438
1356
1298
5982
50943
5888
10721
60529
51154
954
5798
51602
10886
3918
816
55706
10188
5424
57491
55726
1747
4804
9170
2139
10885
55388
9892
4199
259266
5214
5315
6857
2261
23198
5307
5597
7353
8218
5423
9319
6929
6596
6694
84708
7037
3161
54820
4171
8626
54475
2736
4854
1207
5522
2023
54962
79023
51512
2249
5337
5076
4175
10615
51412
29089
56915
27127
8871
3205
7161
3835
5933
10403
174
3595
7514
79728
79977
2195
4998
8438
50507
5744
7022
6790
8544
1789
22974
51605
1114
332
7023
7066
24137
10683
54517
3655
7018
23594
8487
