2268
1080
7035
23129
4353
51666
2115
6915
4145
6401
8993
4784
920
695
2534
1634
7305
7869
9971
7454
6556
147948
3082
330
7133
5926
9846
7077
2324
55885
10659
23327
5923
6515
10402
5449
9351
7089
6688
1316
5590
11186
23250
8514
5873
2255
10272
815
11320
29995
79901
30009
5362
55824
88
1906
862
1361
2920
1286
4208
5788
4036
5241
79891
334
23645
5990
2160
6910
3383
11213
4069
58484
3568
350
1053
1808
7042
10580
2289
3594
8829
3483
3053
4242
23492
5155
1439
1511
4792
4773
3055
25939
671
1471
4092
51311
91851
2623
959
54
2254
2321
8848
10232
23090
2294
1512
427
4066
56729
10859
945
5294
858
857
7472
3202
10392
727
26468
259
2022
7306
6456
6387
1326
1440
6347
3131
54757
374
2549
3558
7466
10891
7704
2352
116519
3587
7450
969
4048
397
653
896
9450
1839
3702
