2268
1080
7035
23129
4353
51666
2115
6915
4145
6401
8993
4784
920
695
2534
1634
7305
7869
9971
7454
6556
147948
3082
330
7133
5926
9846
7077
2324
55885
10659
23327
5923
6515
10402
5449
9351
7089
6688
1316
5590
11186
23250
8514
5873
2255
10272
815
11320
29995
79901
30009
5362
55824
88
1906
862
1361
2920
1286
4208
5788
4036
5241
79891
334
23645
5990
2160
6910
3383
11213
4069
58484
3568
350
1053
1808
7042
10580
2289
3594
8829
3483
3053
4242
23492
5155
1439
1511
4792
4773
3055
25939
671
1471
4092
51311
91851
2623
