84879
5104
4168
2018
3218
9075
57565
65009
7484
91608
55118
1588
57105
312
9429
8972
85315
55841
84623
342667
1111
5321
57406
167
9741
359
2947
84141
63976
9058
6616
5076
3216
353189
1191
4023
3219
219699
222537
2775
6406
3772
51704
169792
5166
27090
7871
3784
23221
80320
64219
5634
57476
5129
8437
6578
8416
114088
3217
3773
23632
25833
7849
10886
7049
26136
27115
192666
1947
9751
2781
5743
5742
4199
1073
6590
51435
84529
2950
23237
7168
1811
5455
480
10484
59339
3232
55885
9215
857
284
1844
114
196527
3663
10979
25943
57447
3310
122786
3215
8395
4638
53905
11074
8809
5355
401474
54852
11283
2628
102724493
154796
51765
858
23022
800
84056
338442
5099
81611
6840
7021
162494
80036
6822
1571
2625
23603
55715
NA
7414
2819
10046
167691
27303
114897
3787
84101
26030
5063
149461
6331
23500
143662
9783
3758
64781
23413
6769
