159296
3249
3223
7546
57622
6493
9480
85416
6573
26084
388228
65108
29799
4010
55521
2146
6585
65010
81831
92815
23225
10645
1746
57332
4145
51280
1280
53834
54972
84443
79957
57524
50512
2657
10715
124093
338707
2297
3221
4605
5075
6712
145258
170850
6204
4830
268
213
51512
1745
349667
991
149175
92170
1875
6218
7033
80178
63922
776
94241
339451
2161
55355
6241
114804
23246
121643
7291
8341
54456
57801
128312
4440
7015
26472
64641
286262
6139
94032
84915
56165
332
192134
6491
10382
50507
995
23657
84899
10024
55789
10611
51678
54829
10861
51764
2151
5013
79019
