4653
10249
762
2819
729359
27129
286133
286753
30819
2273
80704
2998
150572
116085
5950
400830
8736
56301
92293
152831
26577
7079
3991
477
2038
126393
3040
3973
10345
5959
79981
7148
253935
3039
225
153579
8639
7123
8436
10351
1393
401265
5140
54988
5648
761
2878
221476
3679
1036
5166
NA
6329
10216
5207
340273
25891
338328
4826
51378
1446
149461
338442
1805
5348
845
28999
126
5837
5468
9194
91584
6358
5009
4128
3739
84913
84649
79987
22802
28316
55273
3489
339983
729
2327
341277
131873
93035
6289
1264
57144
5138
7145
57569
139378
2662
256691
54546
1646
1879
9068
11096
84889
6258
1756
161176
1674
57030
10752
26112
7140
168002
151306
155
58503
79057
389432
3745
3737
158326
79974
3038
54873
10003
