158511
1081
4105
1472
NA
81569
1469
23581
4320
10814
429
1301
57626
3195
147381
4821
83546
1048
170712
3760
55584
5816
57586
25769
51617
1404
8329
128602
10761
1470
6286
7490
8989
547
2626
6756
2302
1360
2172
135886
53940
2706
64579
140628
3651
1463
2556
8941
55879
138009
5122
3228
132625
7137
1113
9088
79570
59336
6861
1412
642938
6532
79412
30010
165545
284339
4605
83661
131578
9074
29949
56896
114788
140683
128239
27290
610
3352
6343
51207
1280
3227
89870
51802
8332
8840
11023
1733
403314
5522
81610
9148
8336
1917
3754
83417
148113
2305
50604
5080
3624
55247
256076
284485
3933
92747
9480
3706
55859
150468
29128
81623
140730
254263
394263
169044
119180
9
