4112
53940
4105
3239
50805
3881
4110
4103
4113
3229
3237
347741
402381
3861
10804
190
51438
54575
64211
1670
374454
6278
10481
3227
1750
5308
3853
1830
163778
57016
51806
3854
3209
6572
2792
337882
158511
286887
11023
9248
668
3358
204219
3195
5015
30012
6699
3228
59336
1761
3883
3860
387129
81569
51702
9965
5275
3963
135935
8581
100131390
3857
2556
3852
339967
676
401138
2019
6318
89777
3166
2566
5080
56300
5081
64600
10642
121391
27164
8091
2520
6707
9119
129025
3219
5268
1745
1482
221833
389421
29113
5744
4654
793
6700
3238
5653
4322
6273
2877
