4112
53940
4105
3239
50805
3881
4110
4103
4113
3229
3237
347741
402381
3861
10804
190
51438
54575
64211
1670
374454
6278
10481
3227
1750
5308
3853
1830
163778
57016
51806
3854
3209
6572
2792
337882
158511
286887
11023
9248
668
3358
204219
3195
5015
30012
6699
3228
59336
1761
3883
3860
387129
81569
51702
9965
5275
3963
135935
8581
100131390
3857
2556
3852
339967
676
401138
2019
6318
89777
3166
2566
5080
56300
5081
64600
10642
121391
27164
8091
2520
6707
9119
129025
3219
5268
1745
1482
221833
389421
29113
5744
4654
793
6700
3238
5653
4322
6273
2877
3226
1852
55117
6698
5307
5672
80070
63950
6493
3872
2569
3868
55879
3885
3651
9355
84290
27179
5522
3713
1746
3207
147409
5077
4922
2706
9118
6701
1749
2020
53836
431707
11247
28234
129684
6656
3866
547
50964
26154
1308
7101
1825
9515
4314
79412
27022
56896
3975
9635
2196
2016
85416
140690
7545
196374
90226
27076
10761
1045
1294
7546
10683
9333
84107
5457
1592
137868
8626
84666
7348
6513
257
4320
343930
2709
7015
390874
2173
3850
4312
7547
768
3890
6299
165545
2543
645073
729396
729408
729422
729431
729442
100008586
100132399
10599
1301
7032
131
360205
4321
26047
26280
4747
2786
1646
343641
163351
6474
83741
3884
90316
26285
9699
1943
8688
84951
56936
338879
2201
644524
80740
26579
7020
220082
9048
1016
5865
6664
54600
9313
5645
5646
102725325
5455
4880
128817
2700
3236
25830
284111
8345
145501
1917
2707
6657
3206
56884
4101
266740
1828
2290
1056
1103
9615
10643
25769
286499
441234
10874
10562
11166
4821
27121
63973
5454
152404
1412
5545
6538
339
8092
3196
54578
169044
1143
5803
6947
11199
2642
3889
1591
83729
11065
30062
29986
