7360
55198
51228
7123
23035
6584
27250
206358
9099
54805
9429
9588
2517
1465
760
766
10924
5333
8611
840
284346
65983
84281
23052
26504
137075
957
9340
4601
2651
57458
23382
220972
286133
5742
79947
1610
4225
26112
7008
166968
133121
58476
23171
51196
5166
7358
79085
NA
23140
23384
6799
11099
55227
6898
2980
11252
171586
79762
54751
5837
80031
140803
3032
10446
10590
6574
11261
7148
8556
10444
9516
55532
1836
651
9314
9881
79154
338094
6786
2277
2273
283316
8613
54502
64091
55273
84803
788
57030
8671
759
341116
10239
51043
151195
5205
5138
9929
248
90355
10351
64081
5125
4534
4638
5906
8801
5151
256691
2329
35
8780
4494
55616
55001
288
11155
2981
116496
10420
5354
26353
23048
115
2899
6840
8436
51099
54575
201895
270
23505
1264
5794
1368
348093
8412
4499
257194
9764
9060
5152
220441
8633
90529
4674
9423
7102
6414
