1001
2118
11082
94234
9076
57214
25902
9603
27132
1469
1301
3624
100170841
28231
6712
4316
7804
3651
5653
8507
5013
23109
64063
120071
4188
4488
57460
57670
84069
8140
10669
2523
64220
79000
79935
4320
114822
7004
79628
26031
93273
10529
353324
79989
55248
2571
80758
6533
3352
5650
145741
115908
24147
57181
25975
9075
8862
81792
10309
57510
23541
221150
56652
29968
83959
57822
6641
283212
55922
4233
9816
84264
84951
389549
220082
11072
128239
5655
6820
1434
6273
54498
5471
1470
9518
79075
375061
4487
7023
8038
2617
138065
27121
80328
124930
3589
220042
1894
2146
9620
22822
25788
6662
169714
4609
6282
80336
23404
127534
28234
4070
1951
56164
10953
1294
10797
1056
89958
10381
127343
92312
7477
375444
11260
10265
80131
57464
10202
6319
124222
10650
85416
81624
27346
284403
346389
7546
387914
7447
116225
78995
11247
29128
54894
23657
150468
6242
24140
8438
1503
