2118
7153
24137
29089
1382
4751
55355
9928
29128
995
1300
259266
51280
54443
9787
991
1063
54821
11065
83540
11004
990
701
10112
26585
9833
7516
9156
79733
146909
10615
10024
5347
22974
23594
55635
332
5308
55165
9837
55143
2146
9401
55388
6696
83461
6241
891
51512
1058
9133
151648
9212
8318
3832
7272
2305
4288
10721
8438
10403
4605
11130
3161
116028
64151
83990
4192
5013
9700
3175
113130
890
84634
4322
51659
1111
55872
56992
57167
90381
147841
7020
2491
57082
898
9768
146956
63967
4998
220134
3070
3017
9735
NA
4830
54478
81620
768
157570
3833
55723
8208
1763
55571
7083
699
5307
4312
3174
5427
10874
6790
79682
2244
9493
1062
51087
7031
899
1033
4085
5031
2175
26
83879
6947
2648
79801
1943
641
7015
10293
983
1870
9232
55215
1871
1356
9536
5888
8038
84296
64105
25803
57405
2177
9319
8871
993
