2034
1901
94
7010
9079
1910
1003
6886
4091
2869
2078
2167
857
154
10894
4005
64321
284119
23645
284654
9353
29995
10316
3043
1839
7056
58484
1316
2157
3949
7466
4855
122953
212
7450
659
89780
7048
8404
6943
2313
2268
27063
6403
51621
26524
6926
23492
1440
5593
154810
25840
2776
255488
948
687
63876
4215
6909
2022
126014
10871
NA
2277
6457
5770
3133
54
1128
2624
9314
88
1602
5028
9372
2
23764
23090
6401
2621
9496
2828
6844
22915
1675
9732
131873
3727
1073
3569
5990
2549
1959
2702
4092
3575
8322
10580
22808
338557
2815
2920
5155
408
5199
4360
4008
54345
1906
9002
25928
3202
5734
64759
5627
NA
322
1408
710
2354
7402
10365
2255
6237
8742
6688
7099
25939
148
2247
338785
6935
7538
3913
8835
8850
6910
56729
4772
10865
2324
2623
90865
10763
3491
1490
25937
9021
1958
3400
