8736
57678
2273
7145
10894
857
23235
10580
152831
4881
7123
27129
8908
6517
8639
30819
130399
206338
2934
5959
1073
1393
6711
32
401265
847
54988
5837
55335
80760
23531
5138
48
3991
4023
NA
10003
123103
1879
161176
345275
3679
10144
152503
858
8322
3043
4660
5468
153579
54873
57569
222166
7148
115330
9194
25891
6453
2277
NA
225
26112
8613
151306
126393
4337
8436
29958
947
11096
2878
140738
3489
79987
5140
23177
9079
3953
4921
222698
4162
55902
51378
79998
57538
152137
10840
338442
84173
100820829
10350
338
5207
388335
83643
5346
2819
364
10316
91584
