4112
NA
53940
4102
4105
3239
170712
728269
50805
3881
4109
4110
4103
4113
390010
3229
3237
347741
402381
23581
3861
4100
10804
810
401089
190
51438
56033
54575
4111
64211
1670
23532
374454
6278
10481
51458
3227
338324
1750
5308
26998
9947
3853
6511
1830
59082
30848
163778
387695
57016
51806
3854
54577
3209
6572
2792
84648
441282
337882
158511
203569
114771
286887
154064
11023
9248
668
2304
4108
728269
128876
3358
204219
3195
389208
2558
5015
30012
6699
3228
59336
1761
85285
151871
3883
3860
255928
387129
81569
353145
51702
9965
5275
2574
26749
645037
729447
100101629
3963
138009
135935
8581
100131390
