5831
2118
80178
128239
92312
26154
5794
4320
115908
1591
1301
55789
84904
5308
5832
NA
6491
55366
2146
54866
26579
221150
2524
2706
1945
6712
150468
3149
94081
10381
55612
6732
10606
57549
55247
29968
1917
2305
6804
1951
5471
1944
4605
3706
79054
90161
55040
23397
3359
6513
26575
26472
3110
80179
132299
3175
25837
6690
8612
7429
374393
7036
7020
81607
55732
5050
26499
201299
9601
192134
55154
25769
9066
3174
57486
145741
79935
79814
4796
5255
50512
27242
54733
3783
1894
4647
1468
114904
57016
10683
150696
116372
140686
148113
84908
2877
8714
353500
9480
140766
5365
30001
6659
1870
10609
6913
65108
284992
81796
8538
471
1138
80308
51207
79017
51809
10131
29980
22889
26502
25803
1373
26762
1308
56667
375444
10733
10642
9213
118932
140700
7473
101929777
7203
26280
4321
85474
5121
283209
8091
2571
55103
63979
6334
3159
8140
7023
1015
284403
10761
