220213
5175
8676
2013
56920
219790
11099
445815
10266
80014
57716
10044
116159
9806
2294
10203
155038
9754
8436
6532
5581
25959
80177
2273
22899
140706
90627
51267
79812
2078
26084
64651
4858
64236
177
847
3340
6445
83595
55273
64116
10908
6711
23328
23673
7433
51705
57515
395
8639
54922
59350
57513
7145
2819
NA
57381
152007
7134
57493
53405
84502
29091
80274
3040
104
8613
115572
115330
2823
10186
1316
57213
91663
57608
10584
146225
9647
84952
8425
1827
6330
57556
11248
3039
153579
10742
64115
79834
255877
344148
6693
101929889
27244
11234
6867
54861
7049
4881
762
10749
9413
23237
11095
114789
1776
134265
51294
9510
7122
2313
146691
92162
9674
196883
10979
11346
1036
858
6521
81027
7143
54873
27123
23287
1043
9037
NA
8434
947
5939
222223
4653
85450
5334
9429
4248
29094
9444
84867
2900
23294
80704
4242
4973
81575
5648
57406
5414
8692
