7546
84904
1306
83463
65010
64641
4605
2305
221150
1869
11082
3209
8862
10642
9088
2146
1951
947
10814
10712
55247
150468
55154
25903
28982
11247
4192
200185
11311
65244
375444
1852
81624
7371
4320
9824
5225
79574
80178
63827
1870
125058
6491
5013
157313
85416
8629
284403
79573
23551
54058
144404
4796
81610
169611
286128
84700
56901
84701
283373
115908
1894
51285
10486
54437
201299
55789
7161
126382
10052
23657
93594
23381
89845
27085
84542
79885
84787
1464
64403
23105
1728
11190
1690
5865
56667
112609
114787
4224
10067
79968
374393
6756
10643
9909
30848
8682
22889
10733
83903
9139
84221
5498
1297
138009
64943
23623
5279
27283
23542
4062
79169
2629
84900
26256
790
284339
10212
NA
200765
84865
9704
11131
6695
151176
22996
2539
2740
6518
10626
147166
124925
199953
80179
5967
90990
7380
55721
53919
1945
124872
57648
2564
29899
11156
83449
4854
79943
10085
165545
