4653
3952
10249
338
5346
762
63924
2819
100509620
5105
220296
130399
9370
80763
729359
400258
27129
364
125
286133
286753
206338
30819
2273
146894
80704
345275
10894
2998
1149
3043
150572
116085
5950
400830
2277
2167
124
10840
8736
4023
56301
92293
152831
6517
26577
7079
148
85329
3991
477
2038
126393
284827
3040
91851
57678
3973
10345
9729
5959
79981
948
1357
651
55908
8908
7148
646625
253935
3039
225
10218
5021
50486
NA
399888
29953
80760
1543
153579
8639
13
7123
8436
10351
1393
5502
401265
400120
5179
2949
1066
5140
54988
123103
126755
440738
64344
5648
761
127
1440
2878
