158511
1081
4105
1472
NA
4111
4102
4100
1300
81569
3381
1469
5081
166979
1473
9607
4312
6278
23581
222008
4320
10814
429
387778
4322
1301
338324
10481
3975
1833
57626
3195
23532
51764
147381
10143
389396
149281
4821
389903
4103
654429
51438
83546
2914
1048
388468
30012
169026
170712
100271846
3760
55584
768239
728695
3167
5816
57586
196051
25769
51617
1404
360205
2792
388555
4661
7425
5004
8329
389421
128602
2558
6493
4680
10761
1470
6286
768
79727
64090
260434
7490
1260
8356
8989
80070
219995
547
2637
203413
8348
2626
26212
8342
7138
6756
3642
84634
1311
2302
1943
203569
9355
390083
1360
2172
135886
NA
53940
8357
2706
10232
64579
140628
3651
8331
124274
4751
1463
658
2556
59067
282616
84072
2290
8941
11065
55879
282617
7200
644672
6356
138009
5122
3228
132625
253314
57574
57829
7137
NA
133690
1113
5005
9088
820
8354
79570
400629
59336
6861
1412
8973
283869
26047
642938
205147
6532
NA
9947
79412
30010
165545
118427
7306
159296
401137
8367
24137
284339
79919
3010
5307
4605
4319
83661
728269
131578
9074
3009
NA
29949
8343
6999
646643
56896
256472
126637
83540
57126
6373
114788
140683
54544
136991
