359
167
5455
6822
9058
84879
312
3773
4168
1046
222537
353189
1811
7484
342667
55118
11283
57565
5076
7021
29986
3219
1014
91608
65009
64102
3772
7849
27133
394263
3350
8437
5166
5743
84623
64100
4741
9429
3758
23237
6098
480
3787
90019
23632
143662
149461
4978
85315
10584
56287
56245
5742
4624
2877
50487
6571
492
147409
2775
50617
2819
6769
3739
1844
139378
22865
341359
2528
5697
2348
80036
2947
3850
8785
8843
5137
114088
3547
2625
362
3769
219699
6121
55885
92304
827
1580
1178
347731
53905
2299
763
8600
169792
57402
2047
NA
143379
127534
2950
80320
284
3950
84502
54207
8789
201516
4638
5268
338442
51440
94234
2173
6000
3760
6750
1571
342035
NA
84631
114798
54511
65997
10021
25975
84290
1830
1969
6698
92211
9068
778
24
7447
56603
3784
7476
NA
57476
5099
56649
124590
2196
2251
26353
1288
55273
51704
2001
10882
348938
5453
11096
54852
114800
9751
762
27090
5063
221476
66000
3239
6331
162494
6518
4585
1271
1846
10891
5239
8395
5129
120114
51435
401474
6578
57144
8140
4118
6910
84189
80031
160728
