85416
1280
1670
5075
3228
7546
11023
192134
4821
2638
474
6572
4825
400765
1482
54363
2297
9480
1746
1369
3229
3166
5457
84654
170850
10382
56165
1745
3223
3651
6927
121643
343472
29974
387775
5726
5535
6658
7547
347853
2657
10715
11199
4145
27023
3249
2078
43849
3026
10660
4605
114804
6323
79957
10417
30010
1993
1300
54456
64641
1769
25769
6664
776
3008
7291
3381
63973
5013
100422936
26716
81831
8715
63946
10683
2700
6751
2161
50507
3196
26289
100500819
1559
1961
338707
59336
1644
54738
59335
8484
3747
3568
8403
55789
9518
60529
254552
10178
389421
7137
167826
5801
51334
4661
54829
406913
146664
7173
128312
2626
114571
145258
8336
220202
8332
94032
201780
