30848
4113
138009
5225
10814
6756
4105
5968
170627
4111
5967
1007
27283
84700
124872
4102
10642
1469
2740
84694
3209
85416
7546
85445
81569
389860
4224
8788
4622
165545
64208
2556
221833
124925
6755
51305
7380
248
158511
11247
4112
84929
2128
2566
56163
140683
64641
56667
3207
340273
57094
1113
127343
1852
4544
9376
9568
56301
79574
51702
2555
9543
143662
10643
1728
3219
1358
2571
218
3110
115749
83546
6758
5522
54575
3859
5644
55879
63827
375323
23089
4605
25830
NA
114824
116085
51207
125931
5013
2543
645073
729396
729408
729422
729431
729442
100008586
100132399
6370
1144
6695
149954
4062
2657
10715
23105
1010
