3249
3223
7546
57622
9480
85416
6573
26084
388228
65108
29799
55521
2146
65010
81831
23225
10645
1746
4145
1280
53834
79957
57524
50512
2657
10715
338707
2297
4605
5075
6712
145258
170850
6204
1745
349667
149175
92170
80178
63922
776
94241
339451
2161
114804
23246
121643
7291
54456
57801
128312
26472
64641
286262
6139
94032
56165
192134
6491
10382
50507
23657
84899
55789
10611
51678
54829
10861
5013
638
64118
8501
3263
3008
9518
8325
4821
340277
57010
5026
6154
8193
8106
4825
83463
1993
79874
7784
3665
8851
387775
10417
79711
6173
57630
93650
2305
2650
80237
23625
2705
89958
2194
201780
54738
221935
220
3228
1468
23542
59335
81035
57221
10221
474
11156
152831
26289
94059
51334
321
7173
1501
11199
54363
30812
254552
6538
10683
9185
347853
79844
100499483
146664
2078
55502
142680
317761
84059
610
115908
92312
57468
1951
220202
23539
1365
3229
1300
2861
