1033
995
29089
83540
1063
220134
7546
10024
3833
24137
55355
332
4751
113130
2719
9833
9133
991
259266
147841
11004
7153
146909
11065
891
10403
9232
10112
9156
983
4605
699
9787
1058
64151
83461
2305
1869
55143
54443
7272
3161
5347
7015
128239
9212
4288
51514
9319
81620
29127
51512
55635
6241
2146
1029
57405
990
146956
79019
1062
6790
91687
10293
90381
55872
23397
9493
8318
9928
701
131405
890
79733
6941
2491
81930
55723
79801
56992
54821
151648
50507
4998
54908
7516
29128
51053
11130
899
1870
9401
9837
79075
23594
10721
387103
2781
151246
144455
55165
55388
80028
63967
145873
90780
3235
3925
6495
64105
898
1031
55215
80119
5984
4137
2177
7161
8438
7083
4085
7517
2648
27005
8208
64946
3832
5888
2786
1111
174
79885
2237
80263
79682
3070
4436
6091
10919
5307
84733
3206
80174
4175
9768
5558
154881
10736
1280
30837
