5604
1827
168667
5199
7538
4908
3977
162239
123879
4170
10253
2114
2353
1969
4615
3556
1602
920
6915
1958
9306
6387
2690
677
1263
2308
9611
5606
1959
3398
29950
2354
3949
3491
8835
3557
30
84870
3725
5236
4783
3486
23345
9021
3680
9332
148
863
3726
7099
7071
23135
11212
3096
467
6385
3483
5774
NA
2180
4143
3394
3164
2047
1960
1316
60675
9630
1949
814
132
123
122953
91748
1843
1910
9355
8553
5743
5627
22915
1579
5054
8013
213
1555
8993
5292
25819
27302
1376
8462
34
2099
57817
3397
558
4502
9592
10135
60468
4306
2157
1756
185
5004
130399
8110
1230
85480
710
10402
10370
8809
4929
160364
5340
5577
NA
64399
92369
4804
4824
3553
3043
1129
29760
2775
2658
116844
1378
1634
57057
7057
11314
269
3240
7113
3487
5105
1356
147
929
23764
5473
3082
2204
2244
23414
128346
