6406
359
167
9075
5455
2018
5104
6822
9058
3975
3218
84879
6492
312
3773
4168
192666
1046
222537
353189
114
1811
8972
10886
1588
7484
5644
342667
55118
3216
11283
57565
5076
7021
29986
89869
3219
1014
57105
4023
6590
3310
3215
91608
65009
3772
64102
7849
27133
93661
394263
7200
8437
3350
6616
5743
5166
84623
3860
64100
4741
9429
23237
3758
6098
10232
3787
480
70
143662
23632
90019
84141
63976
4978
149461
1191
85315
3217
56287
10584
11074
2877
50487
6571
5742
222545
4624
56245
492
147409
2775
50617
342574
3769
2819
265
3868
6769
1844
3739
1111
22865
341359
139378
5321
6440
5697
2528
2947
2348
80036
3850
60506
8785
8843
3232
5137
114088
3547
219699
2625
653
362
3713
6121
9496
55885
827
1580
92304
1178
53905
763
2299
5179
347731
3851
8600
169792
57402
NA
2047
143379
127534
80320
284
84502
201516
54207
5268
338442
4638
3950
148
51440
94234
10562
3214
1382
1361
6000
2173
6439
3760
NA
6750
26
1571
84631
65997
