284656
159296
3249
51151
23600
3223
57622
7546
80164
6493
10669
9480
85416
6573
26084
5831
388228
29799
65108
7349
54848
4010
55521
644844
2146
6585
54795
255101
643988
65010
10815
27293
81831
23225
64714
1767
80004
92815
10645
7363
57332
51280
119682
56547
257407
115399
4145
NA
53834
1470
1746
54972
64284
1280
84443
126567
341
57524
50512
341676
5046
51761
79957
100128338
2657
10715
91662
80758
6712
202915
4605
338707
124093
3221
2297
79751
401409
5075
79007
140700
145258
116285
170850
440829
100287718
388564
90249
283130
253982
51083
268
2046
213
6204
2171
4830
319
100506540
415117
51512
