7032
4105
4102
3651
4111
2244
170712
5308
7031
5267
5081
254439
390010
3228
389421
3641
56033
23532
5047
2267
57016
83998
85285
158511
9032
9965
796
3229
28234
339
83741
7429
3227
9947
51438
221833
1081
344167
6694
1469
84985
27283
4109
10683
28983
10690
6947
3175
54575
157855
1591
6690
79054
203413
23581
3219
4103
1373
10642
10481
79574
257629
2792
89870
1917
6750
127343
26525
26579
84634
1301
4100
27178
11199
676
4322
5653
51207
79802
26280
3226
27290
2556
54866
64850
203569
5454
3359
1943
2877
56667
114771
190
1472
643414
3623
3239
9074
54346
441282
81569
51702
3209
192134
6299
8091
2147
NA
5122
768
3975
10720
389549
6862
1382
29943
55195
85416
8581
4113
4320
286499
23120
389384
389383
7015
347527
64600
387129
440590
3009
6699
547
149954
26154
440822
138009
3853
6756
22977
1833
NA
6493
389903
728269
8403
64211
