7032
4105
4102
3651
4111
2244
170712
5308
7031
5267
5081
254439
390010
3228
389421
3641
56033
23532
5047
2267
57016
83998
85285
158511
9032
9965
796
3229
28234
339
83741
7429
3227
9947
51438
221833
1081
344167
6694
1469
84985
27283
4109
10683
28983
10690
6947
3175
54575
157855
1591
6690
79054
203413
23581
3219
4103
1373
10642
10481
79574
257629
2792
89870
1917
6750
127343
26525
26579
84634
1301
4100
27178
11199
676
4322
5653
51207
79802
26280
3226
27290
2556
54866
64850
203569
5454
3359
1943
2877
56667
114771
190
1472
643414
3623
3239
9074
54346
441282
81569
51702
3209
192134
6299
8091
2147
NA
5122
768
3975
10720
389549
6862
1382
29943
55195
85416
8581
4113
4320
286499
23120
389384
389383
7015
347527
64600
387129
440590
3009
6699
547
149954
26154
440822
138009
3853
6756
22977
1833
NA
6493
389903
728269
8403
64211
5053
7546
26762
3889
5121
112937
30848
213
1015
10599
283985
3868
5794
25769
5644
3706
54474
340120
9245
5457
100507003
9271
51806
8342
63946
3007
220082
10804
63950
4110
26585
6286
54546
1750
83546
84107
5967
340204
8331
283869
149281
129025
54578
26
5522
3887
1045
56934
9480
150379
4312
388595
8346
653067
653220
10761
8968
59336
2566
7366
84873
51297
115749
7278
8356
2515
51083
6572
56649
81832
1244
6696
1261
29113
7101
56301
43849
4588
11023
5645
5646
102725325
59082
253314
1369
1381
338707
1048
3381
55584
8343
51087
3018
9355
4584
203076
140683
85235
80341
390874
80070
10814
1103
377841
8345
429
9119
100131390
164127
8788
100271846
56896
4760
93659
57127
1308
1300
3195
286183
84779
8354
168400
5545
1646
26256
140453
6318
390083
10874
223075
1852
8929
3747
51557
7104
8368
NA
2706
9427
133482
5307
255928
