389421
131405
7015
1280
51270
354
9496
7546
54474
10886
10736
190
89780
174
2786
2719
1496
3225
3817
389692
3206
1750
5307
22943
4110
10481
3381
135892
3233
1586
92737
2520
1588
6495
3223
1749
2792
1950
3934
117154
54937
64714
6457
8091
3235
4605
4922
3232
220134
3236
258
3481
644168
995
5080
6696
991
579
10517
100996906
83540
88
10024
11065
1058
3226
332
3224
146909
4148
1029
84152
2925
3231
11004
64843
4751
24137
655
1033
6657
55355
7153
2810
1063
6493
84634
6750
1780
1515
5308
9833
7272
55635
3833
1447
27127
