389421
131405
7015
1280
51270
354
9496
7546
54474
10886
10736
190
89780
174
2786
2719
1496
3225
3817
389692
3206
1750
5307
22943
4110
10481
3381
135892
3233
1586
92737
2520
1588
6495
3223
1749
2792
1950
3934
117154
54937
64714
6457
8091
3235
4605
4922
3232
220134
3236
258
3481
644168
995
5080
6696
991
579
10517
100996906
83540
88
10024
11065
1058
3226
332
3224
146909
4148
1029
84152
2925
3231
11004
64843
4751
24137
655
1033
6657
55355
7153
2810
1063
6493
84634
6750
1780
1515
5308
9833
7272
55635
3833
1447
27127
4613
56979
9232
9133
85407
83879
64151
10112
9787
2692
259266
2019
1869
90381
2172
2781
6010
54443
176
79733
151647
3196
9156
2305
7857
898
54576
9212
345643
8022
890
79019
80341
51512
5347
147841
699
4440
983
144455
146956
8367
163589
81620
113130
701
83461
9319
128239
1045
55872
7161
145873
51804
4288
56992
81930
4004
79801
5454
1482
10403
1232
54478
8521
9493
891
148581
51514
137970
29128
3746
84107
256297
9055
990
2695
3218
29089
54821
2922
51127
8438
3161
2903
55143
94233
10551
1062
3358
57405
2491
9928
8318
3009
151648
55165
2118
55388
6241
402381
8419
1870
55723
1630
80320
10721
4359
8355
23397
326
147872
4137
51176
63967
4998
3200
7516
4703
10683
6091
2302
4821
23594
3195
50507
25928
10293
2249
8356
3203
145258
8345
129025
6941
80119
9401
9837
8404
92815
5923
169026
9536
84733
6496
51450
4322
2516
6790
1748
2902
54972
64109
8365
9965
64105
6887
387103
2891
84707
8208
9829
142685
1775
887
56896
8340
1820
623
2138
2048
89884
9242
