6406
9075
2018
5104
3975
3218
6492
192666
114
8972
10886
1588
5644
3216
5076
7021
89869
57105
4023
6590
3310
3215
64102
7849
93661
7200
6616
3860
64100
10232
70
84141
63976
1191
3217
11074
222545
342574
265
3868
1111
5321
6440
3850
3232
2625
653
3713
9496
2299
5179
3851
148
94234
10562
3214
1382
1361
6439
26
91851
3233
2066
1149
885
4199
8626
3857
2781
5579
10891
4629
4684
3043
163351
2215
857
2016
93649
3212
4118
6910
1908
112802
3815
2070
2335
3213
5029
3852
8809
3400
84812
255738
2675
3855
2255
5345
