336
7546
345
159296
4821
55079
213
325
4825
2244
2290
1482
3375
2297
84634
140807
8342
7033
7101
268
350
3166
84654
197
54474
319101
6585
3651
3223
6927
4010
23440
51764
8366
7015
7547
124093
8331
8335
2078
6493
668
4605
174
3222
3221
8367
8354
3827
3484
7291
9355
1118
2151
2925
85235
9636
1401
8360
55355
3196
9119
7425
1961
2637
146909
51512
332
2020
991
8356
1058
116448
6241
60529
3018
3849
10024
995
2626
145258
84443
6531
2253
2867
24137
51280
5624
84915
92815
64151
8022
348
5649
91464
317772
54972
11065
79019
3225
