336
7546
345
159296
4821
55079
213
325
4825
2244
2290
1482
3375
2297
84634
140807
8342
7033
7101
268
350
3166
84654
197
54474
319101
6585
3651
3223
6927
4010
23440
51764
8366
7015
7547
124093
8331
8335
2078
6493
668
4605
174
3222
3221
8367
8354
3827
3484
7291
9355
1118
2151
2925
85235
9636
1401
8360
55355
3196
9119
7425
1961
2637
146909
51512
332
2020
991
8356
1058
116448
6241
60529
3018
3849
10024
995
2626
145258
84443
6531
2253
2867
24137
51280
5624
84915
92815
64151
8022
348
5649
91464
317772
54972
11065
79019
3225
8343
3195
9421
3642
9787
4751
9833
257313
8359
1063
10112
2537
54478
8340
5079
4318
9212
8362
8363
22974
147841
4288
2305
55872
57405
83933
113130
1758
2153
84733
8348
2146
150
3240
701
5347
4830
5979
185
79801
3161
7226
3833
83461
259266
9928
55839
56956
6218
8318
