5831
2118
80178
7153
128239
24137
29089
92312
1382
4751
55355
9928
26154
29128
995
1300
259266
51280
54443
9787
5794
4320
991
115908
1063
54821
11065
83540
11004
990
701
10112
26585
9833
7516
9156
79733
146909
10615
1591
1301
10024
55789
5347
22974
23594
55635
84904
332
5308
5832
NA
55165
9837
55143
6491
55366
2146
54866
9401
26579
55388
221150
6696
83461
2524
6241
891
2706
1945
6712
51512
1058
150468
3149
94081
9133
10381
55612
6732
10606
57549
151648
9212
55247
8318
3832
7272
29968
1917
2305
6804
1951
4288
10721
5471
8438
10403
1944
4605
