220213
2034
5175
8676
1901
94
2013
56920
7010
219790
11099
445815
10266
80014
9079
1910
1003
57716
10044
116159
9806
2294
10203
6886
155038
4091
2869
9754
8436
6532
5581
25959
80177
2273
22899
140706
90627
51267
79812
2078
26084
64651
2167
857
154
4858
64236
177
847
10894
3340
4005
6445
83595
55273
64116
10908
6711
23328
23673
7433
51705
57515
395
8639
54922
59350
57513
7145
64321
284119
2819
NA
57381
23645
284654
152007
7134
57493
53405
84502
29091
9353
80274
29995
10316
3040
3043
1839
104
8613
115572
115330
7056
2823
58484
10186
1316
57213
91663
2157
57608
10584
146225
9647
84952
8425
3949
1827
6330
57556
7466
11248
3039
153579
4855
10742
64115
79834
255877
344148
122953
6693
101929889
27244
11234
212
7450
659
89780
6867
54861
7049
7048
4881
762
10749
9413
23237
11095
114789
8404
1776
134265
51294
9510
6943
7122
2313
2268
