11093
170392
6368
64651
5604
1893
83854
1827
390
168667
5199
7538
5745
54149
7433
9227
4908
55664
10221
1393
29982
51279
22849
3977
30845
8685
162239
123879
4170
151
1071
57088
10253
1621
2114
10584
2353
22822
23150
131873
9348
1969
4615
1848
3556
219623
8613
10957
1776
1602
920
2110
6915
49854
1958
166929
9306
10613
6387
56892
80311
220441
284273
27309
3931
2690
54407
677
64101
23516
1263
2308
9611
5606
1959
5816
53354
23169
116154
25891
55132
3781
90634
153020
51660
27036
57447
147372
3398
36
29950
221749
56245
10979
353514
178
2354
594
3949
3491
202018
10020
9173
217
8835
10990
3557
2823
30
5272
441024
10611
84870
166785
1629
3725
4616
5236
3712
4783
3486
11024
168455
23345
9021
9
140876
3680
4594
11234
9332
148
4508
9819
863
10150
3726
283377
10449
54941
7099
65124
84640
118429
1723
2395
38
7071
54674
221079
