3881
4110
3229
3237
402381
3861
190
51438
374454
10481
1750
5308
3853
3854
6572
2792
286887
668
3358
3195
5015
30012
1761
3883
3860
387129
9965
135935
100131390
3857
3852
401138
2019
3166
5080
5081
121391
8091
2520
9119
129025
3219
1482
389421
5744
4654
4322
3226
5307
3872
3868
3885
3651
9355
27179
5522
3713
5077
4922
1749
431707
6656
3866
50964
7101
4314
27022
56896
3975
2016
140690
7545
196374
1045
7546
10683
5457
8626
343930
7015
390874
2173
3850
4312
7547
768
3890
6299
7032
360205
4747
2786
163351
83741
3884
90316
1943
8688
644524
7020
54600
5645
5646
102725325
3236
8345
6657
3206
2290
441234
10874
10562
4821
63973
5454
5545
3196
54578
1143
6947
2642
3889
11065
84109
23650
4605
6492
5013
146909
80032
332
56979
10024
1058
8456
55355
2250
4004
22974
4751
579
8318
51087
192666
7272
51350
3882
144455
991
9833
10721
139135
83540
90381
3273
55635
6696
2305
8355
8928
149708
9212
2249
8968
9928
9156
8687
3224
3375
84539
10736
83461
1114
1382
1029
24137
3175
7153
8356
9787
