389421
30848
5068
4113
138009
4100
5225
170712
10814
56891
84779
6756
51438
9947
131405
7015
NA
4105
5968
1280
170627
4111
5967
442247
1007
27283
51270
203569
9506
8712
79853
157855
354
84700
124872
4102
91464
5047
54959
10642
1469
2740
84694
3209
9496
162282
23532
5651
85416
168400
7546
63928
347442
645864
85445
64478
54474
81569
10886
389860
10736
7278
4224
190
8788
4622
165545
64208
89780
154790
2556
221833
174
2786
2719
1496
3225
124925
3817
6755
389692
139425
79802
59082
51305
139728
7380
6286
248
158511
3206
1750
5307
11247
654463
26609
22943
9622
441234
133482
4112
4110
84929
7060
10481
3381
135892
286499
2128
339479
4107
401250
3233
2566
56163
140683
64641
56667
1586
3207
340273
149563
57094
NA
1113
146429
127343
1852
4544
92737
9376
2520
1588
9568
340990
140836
56301
79574
51702
646960
2555
9543
390083
143662
