389421
30848
5068
4113
138009
4100
5225
170712
10814
56891
84779
6756
51438
9947
131405
7015
NA
4105
5968
1280
170627
4111
5967
442247
1007
27283
51270
203569
9506
8712
79853
157855
354
84700
124872
4102
91464
5047
54959
10642
1469
2740
84694
3209
9496
162282
23532
5651
85416
168400
7546
63928
347442
645864
85445
64478
54474
81569
10886
389860
10736
7278
4224
190
8788
4622
165545
64208
89780
154790
2556
221833
174
2786
2719
1496
3225
124925
3817
6755
389692
139425
79802
59082
51305
139728
7380
6286
248
158511
3206
1750
5307
11247
654463
26609
22943
9622
441234
133482
4112
4110
84929
7060
10481
3381
135892
286499
2128
339479
4107
401250
3233
2566
56163
140683
64641
56667
1586
3207
340273
149563
57094
NA
1113
146429
127343
1852
4544
92737
9376
2520
1588
9568
340990
140836
56301
79574
51702
646960
2555
9543
390083
143662
6495
10643
3223
1728
3219
342918
1358
2571
1749
2792
218
3110
4103
115749
83546
6758
5522
1950
3934
130120
117154
54575
400629
3859
54937
5644
64714
400735
6457
55879
63827
8091
3235
343263
375323
147741
23089
200523
4605
25830
89885
4922
51252
NA
220082
114824
116085
10720
51207
51481
3232
220134
125931
439915
2563
3236
5013
2543
645073
729396
729408
729422
729431
729442
100008586
100132399
258
3481
6370
1144
6695
149954
4062
389332
2657
10715
644168
23105
203413
2574
26749
645037
729447
100101629
995
1010
169044
389549
9427
7652
346288
23657
5080
1690
341405
6696
2583
6518
26256
140801
1745
991
121355
257
10647
50700
4109
579
2813
340602
55867
10517
100996906
7180
83540
338761
388633
4504
88
10024
11082
116039
154150
146167
55247
10214
25975
112609
11065
1058
8092
3226
57116
332
343
2984
27121
57159
55117
23732
4321
55586
3224
260436
1734
26762
286151
146909
56159
4148
7681
115908
200959
