3651
2244
5308
7031
389421
83741
1081
6694
6947
3175
3219
10481
2792
84634
4322
3226
5454
1943
190
6299
8091
2147
768
6862
1382
7015
387129
3009
3853
7546
3889
213
3868
5644
54474
5457
8342
3007
26585
1750
8331
129025
54578
26
5522
3887
1045
4312
8346
8968
51297
8356
6572
6696
7101
5645
5646
102725325
3381
8343
51087
3018
9355
85235
80341
390874
8345
429
9119
100131390
4760
1300
3195
8354
5545
10874
8929
8368
NA
5307
174
8361
54937
5015
431707
3854
1114
3237
7545
79097
3713
2786
3670
2020
10562
3024
8364
8360
11065
8335
7425
7547
317772
79727
3206
2695
8600
8367
8348
2250
6514
3938
668
402381
1761
2243
4314
5624
56979
11074
2118
7153
55355
6927
54576
2290
24137
4605
10024
8339
91464
55635
27022
54443
146909
3012
8359
6492
991
9928
197
7020
259266
4751
54658
83540
995
9787
332
286887
22974
1058
3008
9833
579
9156
1029
11004
3929
5798
55388
8355
3174
27127
1356
553
1063
8366
2641
474
3850
2642
9212
1482
57167
701
990
360205
10886
139135
8344
55872
4613
3218
1280
29128
6656
2305
10721
29089
5013
54821
3861
7272
3171
898
10736
83461
7018
3225
25803
55165
7516
56154
151648
54478
64151
8928
6241
8318
5347
2902
79733
10112
145873
3358
8438
10403
9700
3273
8038
4288
51512
401
10615
4192
23594
112399
4922
9133
1728
9837
55143
7033
220134
9401
4923
3161
5031
891
9536
3642
113130
8340
2016
7058
890
83879
6658
9075
1277
1033
2670
3172
90381
259
2155
8521
51659
127833
183
114088
66037
