8736
2273
7145
23235
152831
7123
27129
8639
30819
2934
5959
1073
1393
6711
401265
847
54988
5837
23531
5138
3991
10003
1879
161176
3679
10144
152503
4660
5468
153579
54873
57569
222166
7148
115330
9194
25891
NA
225
26112
8613
151306
126393
4337
8436
29958
947
11096
2878
3489
79987
5140
23177
4921
4162
55902
51378
79998
338442
5207
83643
2819
91584
80704
729359
64757
10249
83660
56920
445815
57030
10979
23433
79981
8611
25802
54884
5950
1036
286133
57088
221395
253738
6329
10186
4653
11346
28999
54538
2308
7079
3040
1842
79827
5166
9590
9397
7301
10351
79974
338328
9314
10391
1805
23037
26577
157
23710
84913
126669
80177
6586
64397
1112
667
139818
256691
1264
118429
80723
8555
64651
56301
1840
55742
11080
163175
8406
2822
154807
79812
79442
5939
1756
9478
6913
84302
8425
84649
25966
3033
845
10491
6330
2908
5168
10060
477
8676
84883
