4320
1301
9088
128239
29128
150468
3624
25769
8840
284403
55247
1469
80178
2706
221150
5050
81610
2305
7170
114787
131578
124222
4605
5831
81788
148113
2146
10460
11082
140766
10761
254263
1869
112939
114904
23225
7355
404217
1472
201299
23623
115908
1470
374393
9824
11113
6666
3149
8329
157313
25837
1894
51155
79412
6574
3835
219699
6286
55057
388228
283208
142
2161
1404
55362
90861
7264
55502
24141
6491
4796
6713
57214
7036
2918
28982
286262
9143
7203
6343
1870
25896
4237
610
9569
114822
55342
1081
10072
3993
347240
135886
81569
126353
729533
533
3352
84722
5531
10440
81624
79581
375
25790
165545
10797
65263
10733
64222
84904
219790
57586
284339
94032
NA
7163
10609
3706
259307
7286
89891
92359
89958
84561
54442
158511
54058
1174
79570
54845
4150
79751
537
1048
79143
65108
79953
80308
57549
8703
147381
3665
4931
10212
117178
3182
57650
8989
58986
23542
