1300
3381
5081
4312
429
4322
10481
3975
3195
51764
4821
30012
169026
360205
2792
4661
7425
5004
389421
6493
768
79727
7490
8356
2637
8348
2626
8342
3642
84634
2302
1943
9355
NA
8357
10232
140628
3651
8331
4751
658
59067
2290
11065
7200
6356
5005
820
8354
26047
7306
8367
24137
5307
4605
3009
8343
83540
57126
6373
6354
3018
51297
8360
10321
9833
10874
3627
22974
332
146909
8366
259266
9636
8368
991
55355
2250
9928
10024
2016
7153
54474
55872
3456
9156
2305
55165
5080
6241
995
9212
3713
5347
54443
220134
10112
1758
4992
9119
389692
29128
8688
8346
11004
9787
3885
79733
699
8345
317772
55635
1058
1063
23601
2891
9768
1761
151648
5644
887
9232
9048
29089
83461
10403
147841
8359
2056
3833
983
4283
55388
56956
6790
6657
27022
282618
26291
8355
8344
113130
4288
7083
402381
3007
54478
55723
51514
51512
9133
2297
3161
5457
7054
55143
64151
6496
990
8340
57167
8335
7546
63967
3881
6857
579
3024
8784
1114
8318
701
1033
5979
890
2537
4656
144455
7031
4148
8968
3483
7272
23440
2335
1482
126961
54821
8361
57082
79019
8347
57405
898
26
8364
3850
10615
9401
23397
8970
8370
7015
9700
345643
353500
1029
147111
4923
4760
157570
268
29993
6092
3017
84733
7547
85235
1164
1834
4825
6279
8438
1869
