1300
3381
5081
4312
429
4322
10481
3975
3195
51764
4821
30012
169026
360205
2792
4661
7425
5004
389421
6493
768
79727
7490
8356
2637
8348
2626
8342
3642
84634
2302
1943
9355
NA
8357
10232
140628
3651
8331
4751
658
59067
2290
11065
7200
6356
5005
820
8354
26047
7306
8367
24137
5307
4605
3009
8343
83540
57126
6373
6354
3018
51297
8360
10321
9833
10874
3627
22974
332
146909
8366
259266
9636
8368
991
55355
2250
9928
10024
2016
7153
54474
55872
3456
9156
2305
55165
5080
6241
995
9212
3713
5347
54443
220134
10112
1758
4992
9119
389692
29128
8688
8346
11004
9787
3885
79733
699
8345
317772
55635
1058
1063
23601
2891
9768
1761
151648
5644
887
9232
9048
29089
83461
10403
147841
8359
2056
3833
983
4283
55388
56956
6790
6657
27022
282618
26291
8355
8344
113130
4288
7083
402381
3007
54478
55723
51514
51512
9133
