336
7546
345
159296
4821
55079
213
325
4825
2290
1482
3375
2297
84634
140807
8342
7033
7101
268
350
3166
84654
54474
197
6585
319101
2244
3223
3651
6927
4010
23440
51764
8366
7015
7547
124093
8331
8335
2078
6493
668
4605
3222
174
3221
8367
8354
3827
3484
7291
9355
1118
2925
2151
9636
85235
55355
1401
8360
3196
1961
9119
7425
146909
2637
2020
51512
332
8356
1058
991
6241
116448
60529
10024
3018
3849
995
406913
2626
84443
2867
2253
6531
24137
51280
5624
84915
92815
64151
8022
406941
91464
348
5649
