6406
9075
2018
5104
3975
3218
6492
192666
114
8972
10886
1588
5644
3216
5076
7021
89869
57105
4023
6590
3310
3215
7849
93661
7200
6616
3860
64100
10232
70
84141
63976
1191
3217
11074
222545
342574
3868
1111
5321
6440
3850
3232
2625
653
9496
3713
2299
5179
3851
148
94234
10562
1361
3214
1382
26
6439
91851
3233
25928
2066
1149
885
4199
3857
8626
2781
5579
10891
4629
4684
3043
2215
163351
2016
857
93649
4118
6910
1908
3212
2070
3815
112802
3213
2335
5029
3852
8809
84812
2255
3400
3855
255738
2675
407007
5345
25984
4808
8061
57126
5265
1910
23650
64344
147
10046
10716
64106
146
140628
51442
10580
3853
9542
6591
815
4842
6258
5241
407006
5308
4359
4747
3866
952
3397
1073
2903
5923
2122
151
7097
2304
121391
265
6909
7414
53630
3663
6345
196527
3861
3890
2847
4212
56676
111
125115
10316
5502
338
887
6876
