11093
170392
55576
6368
64651
5604
1893
83854
1827
390
168667
5199
7538
5745
54149
7433
9227
4908
55664
10221
1393
29982
51279
22849
3977
30845
8547
8685
162239
123879
51175
2220
4170
151
51166
1071
57088
10253
1621
2114
10584
2353
22822
23150
35
131873
9348
1969
4615
1848
3556
219623
8613
10957
1776
1602
920
2110
6915
49854
1958
166929
9306
10613
51266
6387
10894
56892
5858
80311
220441
27163
11318
79696
284273
27309
11027
3931
2690
54407
677
64101
83875
23516
1263
2308
9611
5606
1959
5816
53354
83876
1557
23169
116154
6283
25891
55132
3781
90634
153020
51660
114132
9936
27036
57447
147372
3398
36
2954
29950
79831
221749
56245
124602
10979
353514
178
91937
2354
594
3949
3491
202018
715
51011
10020
9173
217
8835
10990
3557
64231
2823
30
5272
441024
10611
84870
10332
166785
84873
1629
3725
4616
5236
3712
4783
3486
11024
