2563
83483
1033
995
29089
83540
1063
220134
7546
10024
3833
24137
55355
332
84904
4751
113130
1306
2719
9833
9133
991
259266
147841
11004
7153
83463
65010
7060
146909
11065
64641
891
10403
9232
10112
9156
983
4605
699
9787
1058
79742
64151
83461
286151
2305
221150
1869
11082
3209
55143
54443
7272
3161
5347
8862
10642
9088
7015
128239
9212
4288
51514
9319
81620
29127
51512
84134
55635
6241
2146
1029
57405
990
1951
146956
79019
1062
6790
91687
947
10814
10293
90381
10712
55247
150468
55154
55872
23397
9493
25903
729438
8318
9928
28982
701
11247
131405
890
79733
4192
6941
200185
2491
81930
55723
79801
11311
51751
56992
7070
4100
65244
375444
1852
81624
54821
151648
7371
4320
50507
22994
4998
57125
54908
9824
5225
79574
7516
6894
29128
80178
NA
51053
11130
899
2583
113115
63827
1870
9401
55010
9837
125058
79075
23594
10721
387103
