5104
2018
3218
9075
1588
57105
8972
5321
1111
84141
63976
6616
5076
3216
1191
4023
6406
3217
7849
10886
192666
4199
2781
6590
1073
3232
857
114
196527
3663
3310
3215
11074
8809
7021
2625
7414
10046
2122
4254
64102
3212
2070
91851
3975
2066
5295
3815
2675
3214
7097
83439
5579
94234
1382
6909
3400
10891
2697
133522
6492
25840
4629
23432
5345
3233
9658
84962
148
3213
51222
265
93649
1909
10580
1902
117854
5241
89869
4212
111
10232
1910
151
3131
3868
115557
2255
2791
6591
9542
5768
5029
5578
84812
1780
3043
70
7200
6091
