159296
3223
7546
6493
4010
2146
6585
92815
57332
51280
54972
84443
4605
124093
3221
2297
145258
268
213
4830
51512
1875
991
7033
6218
55355
6241
2648
57804
7291
8341
4440
7015
84915
332
995
10024
2151
51764
55143
79019
4821
113130
1058
348
4825
146909
8360
3665
64151
2867
2305
24137
197342
5347
83933
118472
8367
3833
701
147841
84634
83461
9133
4288
10615
9319
54474
54478
22974
9833
57405
1063
9787
668
8366
4439
9212
10112
55839
2078
9636
11065
55957
7425
79801
3849
890
4831
8318
84733
54821
7101
3161
146956
699
220134
23440
4751
91464
9232
3222
1029
8362
8363
6300
1033
55872
9700
2925
11004
8340
1118
140807
150
55723
55165
84654
259266
5649
8342
9768
8646
3012
8335
8365
83540
79682
8343
7272
9355
6927
7226
55766
9156
7153
9928
23493
5888
8339
8347
3375
317772
121504
10379
151648
4318
440689
9055
60529
