64102
22875
8837
6542
126393
5166
7982
93655
6521
6296
3683
6376
2115
221
1770
9058
8522
9254
6792
64386
23221
10747
56920
933
9971
240
9052
55349
477
972
25960
23034
58473
2273
7431
4593
51306
10908
79645
4653
23604
5009
9099
7092
4481
1767
79567
729
1008
3937
153
2981
2824
116984
55841
395
6098
2006
9498
79931
3784
2581
26999
114800
6916
93166
22998
53340
55711
5449
10203
23294
9340
4638
5588
83641
5141
84217
6688
51208
26153
4649
1316
7813
89795
8692
2182
65055
5837
221395
10060
4129
7049
3340
11099
6196
28513
9886
6793
10335
1183
10979
11343
59277
8578
27092
55843
5939
5362
32
3385
4162
5909
27231
4660
9576
79960
8516
8530
10529
7145
8556
2037
8671
27244
3781
260425
4208
779
93664
56113
23136
5243
54749
80271
1071
116154
51206
23348
64147
54675
5027
22895
6910
8425
1811
11069
84502
825
201294
