7105
55732
2729
9957
51384
115703
10165
64063
3207
81691
55971
55001
10083
79017
10942
5080
1870
7021
1951
23542
2326
9066
2556
672
51629
1663
64132
81551
1272
1591
57586
55734
11136
6683
1373
2554
55655
2730
3645
3149
578
84908
55789
65078
55775
10863
8538
7546
54802
1829
57646
51491
2978
23518
55040
7984
102725117
9603
84321
23593
10198
60529
23105
57475
3757
55609
5318
23200
5832
6894
5662
1301
79832
1001
2928
8776
2817
58524
9423
1606
1308
55176
10797
84679
57609
744
9650
5255
7216
55771
8712
57113
54549
8756
483
27440
2984
5217
440
1258
1103
26986
6929
140469
55117
54905
56666
8626
4185
10644
9175
65993
6620
771
3785
119
27091
6624
479
284403
1739
5076
7374
7163
9618
1641
6626
2191
54715
3205
7419
7161
1015
51207
5050
5794
50700
1371
56650
1005
384
55322
1310
3776
54437
5351
5019
3797
790
55892
