4102
5653
4105
147111
85416
4111
389549
646960
5650
1469
58530
6493
2001
11202
NA
1300
92235
389376
8403
29113
9119
27121
25984
6947
220082
4316
6698
93273
1833
6703
574414
6699
144501
390874
5267
1472
1301
374918
3381
55195
28234
3026
127343
4110
7080
6700
2020
389336
9965
51208
94234
1470
147700
26281
7546
5473
203076
1311
1001
1056
158511
3854
256297
2637
336
29989
11082
63973
1109
444882
5013
221833
27132
5053
7477
2571
64220
768
387129
3853
131405
493829
4282
51442
6101
NA
3481
11247
4588
3624
259215
197
4322
2244
7472
343263
115019
362
4103
265
2266
9075
645864
63950
8838
4025
6374
2118
283685
7137
10164
1800
57214
5655
8710
1830
NA
5047
