4102
5653
4105
147111
85416
4111
389549
646960
5650
1469
58530
6493
2001
11202
NA
1300
92235
389376
8403
29113
9119
27121
25984
6947
220082
4316
6698
93273
1833
6703
574414
6699
144501
390874
5267
1472
1301
374918
3381
55195
28234
3026
127343
4110
7080
6700
2020
389336
9965
51208
94234
1470
147700
26281
7546
5473
203076
1311
1001
1056
158511
3854
256297
2637
336
29989
11082
63973
1109
444882
5013
221833
27132
5053
7477
2571
64220
768
387129
3853
131405
493829
4282
51442
6101
NA
3481
11247
4588
3624
259215
197
4322
2244
7472
343263
115019
362
4103
265
2266
9075
645864
63950
8838
4025
6374
2118
283685
7137
10164
1800
57214
5655
8710
1830
NA
5047
10599
NA
8346
727857
NA
6707
9271
129025
285051
284340
6704
80341
3872
3227
8368
8581
5068
4100
79935
7490
57167
3868
2906
203413
10537
6318
6317
4070
NA
9076
4488
4314
3358
90226
2248
284904
3651
2626
23109
3228
114771
6656
100129654
5462
30010
54997
3589
343578
286887
3018
50617
140809
253152
8852
10265
83894
1761
4317
55867
4312
8364
2709
6407
3713
3881
27177
3882
5081
8354
83896
120071
84560
2172
51702
10642
2243
7138
50487
100131390
340146
80328
3352
23305
23650
225689
5644
4320
8366
1852
2348
5225
260429
58524
3009
6278
340393
145741
268
8038
174
85409
