7105
55732
2729
6405
9957
26
51384
23072
102724911
90293
79007
2288
115703
10165
64063
3207
3980
81691
51087
3883
54972
1750
55971
55001
10344
10083
79017
10926
9569
10942
4843
1087
8277
5080
113000
1870
3720
7021
83741
1951
55200
23542
5081
9918
5645
5646
102725325
2326
8193
9066
54443
2556
672
4007
4057
5704
57709
51629
1663
10460
23649
637
29881
64132
81551
3670
22802
1272
1591
57586
6591
55734
11136
6683
1373
2554
55655
6617
11171
1244
2730
55635
3755
3645
56938
3381
3149
578
55166
7260
57554
55236
321
84908
55789
54888
4234
3224
999
11063
54831
54908
65078
55341
3371
55775
7399
7038
10863
8538
54165
7546
54802
1829
51438
1356
57646
51491
2978
23518
1298
55040
5982
50943
7984
102725117
9603
9454
5888
10721
84321
23593
10198
60529
23105
51154
23101
954
5798
57475
51602
3757
55609
10886
112885
8908
6317
5318
23200
3918
