64102
2268
22875
1080
8837
7035
6542
23129
126393
5166
51364
7982
93655
6521
6296
4353
3683
51666
6376
2115
221
6915
9912
90273
1770
9058
8522
4145
9254
8938
6401
6792
8993
4784
64386
23221
10747
389434
57467
25900
56920
6540
920
695
2534
3730
1634
7305
933
7869
9971
240
57658
9052
7454
55349
6556
477
147948
23584
8685
972
3082
25960
23034
58473
732
2273
330
30846
8630
7431
7133
4593
51306
57514
5926
10908
9846
79645
4653
23604
7077
5009
9099
2324
7092
4481
1767
79567
729
1008
3937
153
2981
2824
80243
116984
57101
55841
