7105
55732
2729
6405
9957
26
51384
23072
102724911
90293
79007
2288
115703
10165
64063
3207
3980
81691
51087
3883
54972
1750
55971
55001
10344
10083
79017
10926
9569
10942
4843
1087
8277
5080
113000
1870
3720
7021
83741
1951
55200
23542
5081
9918
5645
5646
102725325
2326
8193
9066
54443
2556
672
4007
4057
5704
57709
51629
1663
10460
23649
637
29881
64132
81551
3670
22802
1272
1591
57586
6591
55734
11136
6683
1373
2554
55655
6617
11171
1244
2730
55635
3755
3645
56938
3381
3149
578
55166
7260
57554
55236
321
84908
55789
54888
4234
3224
999
11063
