4751
1300
24137
11065
3381
22974
995
55723
83540
29128
29089
57405
55355
4322
9768
983
51514
10024
55165
10112
55872
1063
699
5347
9833
3161
147841
3833
6241
146909
9787
891
259266
9156
9232
1033
6790
1164
11004
11130
54443
220134
10403
55143
83461
7083
9928
151648
4312
113130
332
54821
7153
991
9133
2305
701
51512
57082
353500
9493
3832
4001
64151
63967
10615
4288
5888
23397
9212
9837
4605
6356
286827
116028
55635
79019
9700
890
1058
2146
157570
79733
9401
9555
79682
8318
57167
1062
79801
54478
8357
23601
1869
56992
7272
55388
899
10721
27338
2335
5307
9319
29127
8438
81930
144455
633
4085
29993
3838
146956
990
55215
142
8914
11339
51728
10635
2491
3017
81559
23594
5624
51764
6373
1870
7425
8348
101
81620
64105
6493
9636
4661
4148
9048
25788
3014
3015
3627
5111
2237
1020
5427
8344
51659
9134
8535
4998
