57678
10894
857
10580
6517
130399
32
55335
4023
1879
858
8322
3043
5468
6453
2277
9079
3953
338
5346
10316
148
2180
2791
7048
2690
2034
91851
5021
2770
2308
10628
2159
50486
948
3952
2145
57104
196527
10253
154
9314
3977
123879
7450
54331
2157
301
25840
4311
284119
2908
687
2167
1050
51085
5577
22808
23189
5105
216
4629
5519
6777
1901
6886
2078
1910
5627
2774
1003
1028
2246
64321
5502
22915
338557
4855
5787
9370
1408
7010
4081
64344
85480
3290
1149
7008
2100
5187
1958
554
6387
2920
3131
57658
4692
83595
8850
8987
23452
4306
23179
80310
3815
117581
23492
8864
7538
212
1316
84870
5137
2354
5071
6776
30835
3479
10252
8404
6258
9586
7003
1675
5463
6288
3202
1959
2247
2869
7402
90293
84441
9839
7704
1634
56246
2353
4208
7099
90865
29969
9021
1843
257313
59
3672
79148
10413
4352
