64102
2268
22875
1080
8837
7035
6542
23129
126393
5166
7982
93655
6521
6296
4353
3683
51666
6376
2115
221
6915
1770
9058
8522
4145
9254
6401
6792
8993
4784
64386
23221
10747
56920
920
695
2534
1634
7305
933
7869
9971
240
9052
7454
55349
6556
477
147948
972
3082
25960
23034
58473
2273
330
7431
7133
4593
51306
5926
10908
9846
79645
4653
23604
7077
5009
9099
2324
7092
4481
1767
79567
729
1008
3937
153
2981
2824
116984
55841
395
6098
55885
10659
2006
23327
9498
79931
3784
2581
26999
114800
5923
6916
6515
93166
22998
53340
10402
55711
5449
10203
23294
9351
9340
4638
5588
7089
83641
5141
84217
6688
51208
26153
4649
1316
7813
5590
89795
8692
11186
2182
65055
23250
5837
221395
8514
10060
4129
7049
5873
2255
10272
3340
11099
815
11320
6196
29995
79901
28513
9886
6793
10335
1183
10979
30009
11343
