7105
55732
2729
6405
9957
26
51384
90293
2288
115703
10165
64063
3207
3980
81691
51087
3883
54972
1750
55971
55001
10083
79017
10926
9569
10942
4843
5080
1870
3720
7021
83741
1951
23542
5081
9918
5645
5646
102725325
2326
8193
9066
54443
2556
672
4057
5704
51629
1663
10460
23649
637
64132
81551
3670
1272
1591
57586
6591
55734
11136
6683
1373
2554
55655
6617
11171
2730
55635
3645
56938
3381
3149
578
55166
57554
55236
321
84908
55789
54888
3224
999
54908
65078
55341
3371
55775
7038
10863
8538
54165
7546
54802
1829
51438
1356
57646
51491
2978
