1750
1870
672
55655
51438
23105
2928
55726
6929
4854
2023
119
2249
5076
29089
3205
7161
8438
8487
1943
4174
1869
6907
54845
135935
8022
8456
2735
2305
1058
3196
525
3065
4602
81932
1788
140690
6662
644524
4821
144453
4654
10155
5555
55226
1961
10716
7020
3159
440279
2250
51176
3651
3608
2569
1956
2041
343930
7545
51001
7547
10481
6493
131076
326
1141
6707
5308
84654
23462
3174
2636
195828
1045
55897
3848
10736
149708
1649
91464
126695
2118
84792
2731
2147
170825
3225
387332
1482
54101
150209
5454
10196
4110
55615
8784
93659
54535
390874
10215
134111
8718
100131390
10626
147166
4831
90423
112812
474382
140883
