4105
3651
2244
170712
5308
7031
5267
5081
3228
389421
57016
83998
158511
9032
9965
796
3229
339
83741
7429
3227
221833
1081
6694
27283
10683
6947
3175
54575
1591
6690
79054
3219
4103
1373
10642
10481
79574
2792
1917
6750
26579
84634
1301
11199
676
4322
5653
51207
26280
3226
27290
2556
54866
5454
3359
1943
2877
56667
190
3239
9074
81569
51702
3209
192134
6299
8091
2147
NA
5122
768
3975
6862
1382
29943
85416
8581
4113
4320
286499
7015
64600
387129
3009
6699
547
26154
3853
6756
6493
8403
64211
7546
26762
3889
5121
213
1015
3868
5794
25769
5644
3706
54474
5457
51806
8342
63946
3007
220082
10804
63950
26585
1750
84107
8331
129025
54578
26
5522
3887
1045
56934
9480
4312
8346
653067
653220
10761
8968
59336
2566
51297
8356
6572
6696
29113
7101
43849
11023
5645
5646
102725325
1369
3381
55584
8343
