4105
3651
2244
170712
5308
7031
5267
5081
3228
389421
57016
83998
158511
9032
9965
796
3229
339
83741
7429
3227
221833
1081
6694
27283
10683
6947
3175
54575
1591
6690
79054
3219
4103
1373
10642
10481
79574
2792
1917
6750
26579
84634
1301
11199
676
4322
5653
51207
26280
3226
27290
2556
54866
5454
3359
1943
2877
56667
190
3239
9074
81569
51702
3209
192134
6299
8091
2147
NA
5122
768
3975
6862
1382
29943
85416
8581
4113
4320
286499
7015
64600
387129
3009
6699
547
26154
3853
6756
6493
8403
64211
7546
26762
3889
5121
213
1015
3868
5794
25769
5644
3706
54474
5457
51806
8342
63946
3007
220082
10804
63950
26585
1750
84107
8331
129025
54578
26
5522
3887
1045
56934
9480
4312
8346
653067
653220
10761
8968
59336
2566
51297
8356
6572
6696
29113
7101
43849
11023
5645
5646
102725325
1369
3381
55584
8343
51087
3018
9355
140683
85235
80341
390874
10814
1103
8345
429
9119
100131390
56896
4760
93659
1308
1300
3195
8354
5545
1646
140453
6318
10874
1852
8929
7104
8368
NA
2706
9427
5307
10381
27023
174
8361
NA
5671
30010
54937
5015
6664
5268
27164
431707
3854
1114
3237
9118
23546
7545
3238
79097
3110
9547
3785
2638
79935
4745
3713
5672
55247
1412
84570
2786
3670
83729
5865
2020
10562
3024
8364
11247
8360
11065
8335
7425
8170
92312
1016
5669
7547
90226
114798
317772
257
9071
79727
145741
3206
2695
8600
6707
8367
8348
9244
3207
2250
6514
3938
10643
668
6564
402381
4321
347733
11281
1761
2243
727897
140686
147409
53836
9515
4314
126206
5624
84951
27189
25830
8001
84666
NA
340547
50805
56979
2128
8538
11074
2118
85445
