10876
6406
64184
6407
359
5047
399968
283953
644414
167
160065
9075
5455
404552
6691
389207
5304
2018
5104
6822
9058
3975
3218
84879
100169851
6492
3933
7364
312
221223
153218
10816
399967
3773
4168
140881
58503
84985
192666
1046
4588
222537
23305
259240
353189
114
1811
8972
5409
10886
1588
7484
5644
84239
760
64078
342667
390445
5288
10879
51702
55118
3216
257202
11283
57565
642636
2525
5076
57864
340204
7021
231
29986
89869
387700
3219
1014
57105
4023
7069
344758
387695
6590
3310
3215
91608
127124
55195
100289255
65009
389812
138307
5446
3772
64102
29850
84569
7849
6707
389015
8581
2944
27133
93661
10568
394263
84830
83876
3762
389383
7200
8437
353133
3350
85438
139170
6616
9536
5743
5166
134285
84623
10655
NA
9635
375616
3860
64100
155006
83648
146325
23120
90199
4741
342979
128876
55107
642968
26952
9429
9388
23237
3758
339967
57110
6425
50604
6098
405753
57119
11249
55600
56606
10232
3787
480
