336
85416
1280
1670
5075
3228
7546
345
159296
11023
192134
4821
2638
474
55079
213
6572
325
4825
400765
2290
1482
3375
54363
2297
84634
140807
9480
8342
7033
7101
1746
1369
268
350
3229
3166
5457
84654
170850
54474
197
10382
56165
6585
1745
319101
2244
3223
3651
6927
4010
23440
121643
343472
29974
387775
5726
51764
8366
5535
6658
7015
7547
124093
347853
2657
10715
11199
4145
8331
8335
27023
3249
2078
43849
3026
6493
668
10660
4605
3222
174
114804
6323
79957
3221
10417
30010
8367
1993
1300
54456
64641
8354
1769
25769
6664
776
3008
3827
3484
7291
9355
3381
1118
63973
2925
2151
5013
26716
9636
81831
85235
55355
8715
1401
63946
8360
10683
2700
6751
2161
50507
3196
