6406
359
167
9075
5455
2018
5104
6822
9058
3975
3218
84879
6492
312
3773
4168
192666
1046
222537
353189
114
1811
8972
10886
1588
5644
7484
342667
55118
3216
11283
57565
5076
7021
29986
89869
3219
1014
57105
4023
6590
3310
3215
91608
65009
64102
3772
7849
27133
93661
394263
3350
7200
8437
6616
5166
5743
84623
3860
64100
4741
9429
3758
23237
6098
10232
480
3787
70
90019
23632
143662
84141
63976
1191
149461
4978
85315
10584
3217
56287
56245
11074
5742
4624
2877
222545
50487
6571
492
147409
2775
50617
342574
2819
6769
3868
3739
1844
139378
1111
22865
341359
2528
5321
6440
5697
2348
80036
2947
3850
8785
8843
5137
3232
