159296
3223
7546
6493
4010
2146
6585
92815
57332
51280
54972
84443
124093
2297
3221
4605
4830
268
213
51512
991
1875
6218
7033
55355
6241
7291
8341
4440
7015
84915
332
995
10024
51764
2151
79019
55143
4821
4825
1058
113130
146909
8360
2867
3665
348
64151
24137
2305
197342
83933
8367
118472
5347
3833
701
84634
147841
83461
4288
54474
9133
54478
10615
9319
22974
9833
57405
1063
668
9787
8366
4439
9212
2078
10112
9636
55839
11065
55957
7425
3849
79801
4831
890
7101
8318
84733
54821
3161
23440
146956
4751
220134
699
91464
407014
3222
9232
8362
8363
55872
1029
1033
2925
6300
9700
8340
140807
1118
11004
84654
150
8342
55165
259266
55723
5649
8335
9768
3012
8365
83540
8646
6927
8343
9355
79682
7272
7226
55766
9928
7153
9156
3375
23493
8339
5888
8347
317772
8338
10379
121504
151648
440689
4318
2020
8357
60529
