5104
2018
3218
9075
1588
57105
8972
1111
5321
84141
63976
6616
5076
3216
1191
4023
6406
3217
7849
10886
192666
2781
4199
1073
6590
3232
857
114
196527
3663
3310
3215
11074
8809
7021
2625
7414
10046
2122
4254
3212
2070
91851
2066
5295
83439
3975
3815
2675
3214
7097
5579
94234
6909
25840
1382
10891
3400
133522
23432
2697
4629
5345
7003
51222
3233
6492
9658
30818
84962
3213
148
1902
10580
93649
1909
117854
5241
4212
89869
111
22873
2791
10232
115557
151
3131
25928
1910
2255
5768
9542
3868
6591
5578
84812
3043
1780
5029
4211
70
6091
7200
163351
5916
54541
2335
90865
5265
2737
8404
64344
6876
4684
10316
93986
5179
7098
64506
84441
2000
2119
8626
3204
6935
4118
147
3860
112399
2247
894
301
132884
6660
1361
596
53630
342574
9839
11144
3708
64106
23090
3397
9260
6910
5644
3691
9496
23650
