266675
7360
55198
55670
51228
7123
23035
284723
200931
6584
27250
206358
56159
2110
9099
54884
54805
9429
3570
5593
9588
85457
2517
27163
1465
760
766
1030
10924
5333
8611
840
284346
84888
65983
84281
23052
26504
137075
957
8647
9340
4601
2651
57458
23382
10004
5570
123264
220972
286133
11170
5742
51
219348
79947
1610
27299
4225
26112
140738
7008
166968
133121
58476
10894
2675
23171
51196
5166
7358
79085
NA
6446
10370
23140
388335
6689
25840
23384
343
6799
11099
92736
55227
6898
2980
11252
171586
79762
54751
5837
643236
80031
140803
3032
10446
23492
10590
6574
