84879
4168
57565
65009
7484
91608
55118
312
9429
85315
55841
84623
342667
167
57406
359
9741
2947
9058
353189
5076
219699
3219
222537
2775
3772
51704
169792
5166
7871
3784
27090
80320
23221
5634
57476
8437
6578
3773
5129
114088
8416
23632
7849
25833
7049
26136
5743
27115
9751
1947
5742
51435
5455
23237
10484
84529
1811
480
59339
7168
55885
284
1844
9215
10979
25943
57447
122786
4638
8395
53905
154796
11283
5355
401474
2628
102724493
54852
800
23022
858
6822
51765
5099
84056
338442
81611
7021
6840
162494
2625
80036
NA
1571
167691
2819
3787
55715
27303
