3249
3223
57622
7546
9480
85416
6573
26084
388228
29799
65108
55521
2146
65010
81831
23225
10645
4145
53834
1746
1280
57524
50512
79957
2657
10715
6712
4605
338707
2297
5075
140700
170850
6204
349667
149175
1745
94241
80178
92170
79603
776
2161
339451
114804
23246
7291
5909
54456
121643
128312
6491
64641
6139
286262
26472
94032
84899
50507
51678
23657
10861
10382
56165
192134
55789
10611
5013
8501
64118
638
8325
3263
3008
4821
340277
57010
5026
8193
6154
8851
8106
83463
4825
1993
57630
3665
7784
10417
79711
2305
80237
387775
6173
93650
2650
2194
2705
89958
23625
220
201780
221935
54738
57221
81035
23542
3228
1468
59335
10221
11156
321
152831
26289
94059
474
51334
1501
347853
30812
9185
11199
6538
254552
54363
79844
10683
100499483
146664
84059
2078
142680
55502
317761
25873
610
115908
57468
92312
NA
1951
2861
25924
220202
23539
1300
1365
3229
8715
