8736
57678
2273
7145
10894
857
23235
10580
152831
7123
27129
6517
8639
30819
130399
2934
5959
1073
1393
6711
32
401265
847
54988
5837
55335
23531
5138
3991
4023
10003
1879
161176
3679
10144
152503
858
8322
3043
4660
5468
153579
54873
57569
222166
7148
115330
9194
25891
6453
2277
NA
225
26112
8613
151306
126393
4337
8436
29958
947
11096
2878
3489
79987
5140
23177
9079
3953
4921
4162
55902
51378
79998
338442
338
5207
83643
5346
2819
10316
91584
80704
148
2180
729359
64757
2791
10249
83660
56920
445815
7048
2690
57030
10979
2034
91851
23433
79981
5021
8611
25802
54884
5950
1036
286133
57088
2770
221395
253738
6329
10186
4653
11346
28999
54538
2308
7079
10628
3040
1842
79827
5166
9590
9397
2159
50486
948
3952
7301
2145
57104
10351
196527
79974
338328
10253
154
9314
10391
1805
23037
26577
157
23710
84913
3977
126669
80177
