4320
4751
1300
1301
24137
9088
128239
11065
3381
22974
995
55723
83540
29128
29089
57405
55355
4322
9768
150468
983
51514
10024
55165
10112
3624
55872
1063
699
25769
5347
9833
8840
3161
147841
3833
6241
146909
9787
284403
891
259266
9156
9232
55247
1033
6790
1164
1469
11004
11130
54443
220134
80178
2706
10403
55143
83461
221150
7083
5050
9928
151648
4312
113130
332
54821
7153
991
81610
9133
2305
701
51512
7170
57082
353500
9493
3832
4001
64151
63967
114787
10615
4288
5888
23397
9212
131578
124222
9837
4605
6356
286827
5831
116028
81788
55635
148113
79019
9700
890
1058
2146
10460
157570
79733
11082
9401
9555
79682
140766
10761
8318
57167
1062
79801
54478
8357
254263
23601
1869
56992
7272
112939
55388
899
114904
10721
23225
7355
404217
1472
201299
27338
23623
2335
5307
115908
9319
1470
29127
8438
374393
81930
9824
144455
11113
633
6666
