4320
4751
1300
1301
24137
9088
128239
11065
3381
22974
995
55723
83540
29128
29089
57405
55355
4322
9768
150468
983
51514
10024
55165
10112
3624
55872
1063
699
25769
5347
9833
8840
3161
147841
3833
6241
146909
9787
284403
891
259266
9156
9232
55247
1033
6790
1164
1469
11004
11130
54443
220134
80178
2706
10403
55143
83461
221150
7083
5050
9928
151648
4312
113130
332
54821
7153
991
81610
9133
2305
701
51512
7170
57082
353500
9493
3832
4001
64151
63967
114787
10615
4288
5888
23397
9212
131578
124222
9837
4605
6356
286827
5831
116028
81788
55635
148113
79019
